       0  0.0000E+00  0.0000E+00  0.0000E+00    0.0000E+00  0.0000E+00  0.0000E+00    9.3797E-04  3.5037E-06  0.0000E+00    1.68923E+00
       1  5.0000E+00  1.1392E-07  0.0000E+00    1.4764E-10  1.1378E-07  0.0000E+00    8.8367E-04  2.3888E-05  0.0000E+00    3.37749E+00
       2  1.0000E+01  3.0351E-07  0.0000E+00    2.8116E-10  3.0323E-07  0.0000E+00    8.3224E-04  5.7088E-07  0.0000E+00    9.91005E+00
       3  1.5000E+01  4.5554E-07  0.0000E+00    4.9085E-10  4.5505E-07  0.0000E+00    7.8403E-04  1.4268E-05  0.0000E+00    1.07922E+01
       4  2.0000E+01  5.3973E-07  0.0000E+00    4.8975E-10  5.3924E-07  0.0000E+00    7.3843E-04  1.3273E-09  0.0000E+00    1.49075E+01
       5  2.5000E+01  5.6254E-07  0.0000E+00    5.8004E-10  5.6196E-07  0.0000E+00    6.9562E-04  9.0117E-06  0.0000E+00    1.55724E+01
       6  3.0000E+01  5.3992E-07  0.0000E+00    4.7895E-10  5.3944E-07  0.0000E+00    6.5519E-04  1.8024E-07  0.0000E+00    1.83449E+01
       7  3.5000E+01  4.9023E-07  0.0000E+00    4.9492E-10  4.8973E-07  0.0000E+00    6.1719E-04  6.0201E-06  0.0000E+00    1.89818E+01
       8  4.0000E+01  4.2679E-07  0.0000E+00    3.6915E-10  4.2642E-07  0.0000E+00    5.8133E-04  4.9934E-07  0.0000E+00    2.09688E+01
       9  4.5000E+01  3.6035E-07  0.0000E+00    3.5966E-10  3.5999E-07  0.0000E+00    5.4761E-04  4.2414E-06  0.0000E+00    2.16177E+01
      10  5.0000E+01  2.9653E-07  0.0000E+00    2.4923E-10  2.9628E-07  0.0000E+00    5.1580E-04  7.6041E-07  0.0000E+00    2.31187E+01
      11  5.5000E+01  2.3939E-07  0.0000E+00    2.3778E-10  2.3915E-07  0.0000E+00    4.8587E-04  3.1349E-06  0.0000E+00    2.37716E+01
      12  6.0000E+01  1.8989E-07  0.0000E+00    1.5437E-10  1.8974E-07  0.0000E+00    4.5765E-04  9.2210E-07  0.0000E+00    2.49545E+01
      13  6.5000E+01  1.4871E-07  0.0000E+00    1.4791E-10  1.4856E-07  0.0000E+00    4.3109E-04  2.4144E-06  0.0000E+00    2.55934E+01
      14  7.0000E+01  1.1495E-07  0.0000E+00    8.9830E-11  1.1486E-07  0.0000E+00    4.0606E-04  9.9591E-07  0.0000E+00    2.65563E+01
      15  7.5000E+01  8.8068E-08  0.0000E+00    8.8320E-11  8.7979E-08  0.0000E+00    3.8249E-04  1.9237E-06  0.0000E+00    2.71657E+01
      16  8.0000E+01  6.6776E-08  0.0000E+00    4.9743E-11  6.6726E-08  0.0000E+00    3.6028E-04  1.0058E-06  0.0000E+00    2.79687E+01
      17  8.5000E+01  5.0322E-08  0.0000E+00    5.1311E-11  5.0271E-08  0.0000E+00    3.3937E-04  1.5747E-06  0.0000E+00    2.85383E+01
      18  9.0000E+01  3.7591E-08  0.0000E+00    2.6386E-11  3.7565E-08  0.0000E+00    3.1966E-04  9.7409E-07  0.0000E+00    2.92199E+01
      19  9.5000E+01  2.7967E-08  0.0000E+00    2.9299E-11  2.7938E-08  0.0000E+00    3.0111E-04  1.3164E-06  0.0000E+00    2.97445E+01
      20  1.0000E+02  2.0644E-08  0.0000E+00    1.3435E-11  2.0630E-08  0.0000E+00    2.8363E-04  9.1801E-07  0.0000E+00    3.03304E+01
      21  1.0500E+02  1.5202E-08  0.0000E+00    1.6582E-11  1.5186E-08  0.0000E+00    2.6716E-04  1.1180E-06  0.0000E+00    3.08085E+01
      22  1.1000E+02  1.1112E-08  0.0000E+00    6.5528E-12  1.1105E-08  0.0000E+00    2.5165E-04  8.4945E-07  0.0000E+00    3.13168E+01
      23  1.1500E+02  8.1156E-09  0.0000E+00    9.3725E-12  8.1062E-09  0.0000E+00    2.3704E-04  9.6095E-07  0.0000E+00    3.17491E+01
      24  1.2000E+02  5.8827E-09  0.0000E+00    3.0409E-12  5.8796E-09  0.0000E+00    2.2328E-04  7.7622E-07  0.0000E+00    3.21929E+01
      25  1.2500E+02  4.2679E-09  0.0000E+00    5.3297E-12  4.2625E-09  0.0000E+00    2.1032E-04  8.3320E-07  0.0000E+00    3.25817E+01
      26  1.3000E+02  3.0713E-09  0.0000E+00    1.3243E-12  3.0700E-09  0.0000E+00    1.9811E-04  7.0318E-07  0.0000E+00    3.29710E+01
      27  1.3500E+02  2.2162E-09  0.0000E+00    3.0716E-12  2.2131E-09  0.0000E+00    1.8661E-04  7.2709E-07  0.0000E+00    3.33192E+01
      28  1.4000E+02  1.5846E-09  0.0000E+00    5.2773E-13  1.5841E-09  0.0000E+00    1.7577E-04  6.3316E-07  0.0000E+00    3.36619E+01
      29  1.4500E+02  1.1385E-09  0.0000E+00    1.8071E-12  1.1367E-09  0.0000E+00    1.6557E-04  6.3745E-07  0.0000E+00    3.39730E+01
      30  1.5000E+02  8.0922E-10  0.0000E+00    1.8374E-13  8.0904E-10  0.0000E+00    1.5596E-04  5.6768E-07  0.0000E+00    3.42753E+01
      31  1.5500E+02  5.7949E-10  0.0000E+00    1.0929E-12  5.7840E-10  0.0000E+00    1.4690E-04  5.6075E-07  0.0000E+00    3.45527E+01
      32  1.6000E+02  4.0957E-10  0.0000E+00    5.1858E-14  4.0952E-10  0.0000E+00    1.3838E-04  5.0743E-07  0.0000E+00    3.48198E+01
      33  1.6500E+02  2.9263E-10  0.0000E+00    6.8359E-13  2.9194E-10  0.0000E+00    1.3034E-04  4.9448E-07  0.0000E+00    3.50667E+01
      34  1.7000E+02  2.0566E-10  0.0000E+00    1.2908E-14  2.0565E-10  0.0000E+00    1.2278E-04  4.5262E-07  0.0000E+00    3.53030E+01
      35  1.7500E+02  1.4676E-10  0.0000E+00    4.4434E-13  1.4632E-10  0.0000E+00    1.1565E-04  4.3681E-07  0.0000E+00    3.55227E+01
      36  1.8000E+02  1.0256E-10  0.0000E+00    1.0405E-14  1.0254E-10  0.0000E+00    1.0893E-04  4.0311E-07  0.0000E+00    3.57319E+01
      37  1.8500E+02  7.3183E-11  0.0000E+00    3.0096E-13  7.2882E-11  0.0000E+00    1.0261E-04  3.8634E-07  0.0000E+00    3.59271E+01
      38  1.9000E+02  5.0824E-11  0.0000E+00    1.9113E-14  5.0804E-11  0.0000E+00    9.6653E-05  3.5863E-07  0.0000E+00    3.61125E+01
      39  1.9500E+02  3.6321E-11  0.0000E+00    2.1251E-13  3.6109E-11  0.0000E+00    9.1042E-05  3.4201E-07  0.0000E+00    3.62859E+01
      40  2.0000E+02  2.5051E-11  0.0000E+00    2.8770E-14  2.5022E-11  0.0000E+00    8.5757E-05  3.1881E-07  0.0000E+00    3.64502E+01
      41  2.0500E+02  1.7963E-11  0.0000E+00    1.5617E-13  1.7807E-11  0.0000E+00    8.0778E-05  3.0297E-07  0.0000E+00    3.66043E+01
      42  2.1000E+02  1.2292E-11  0.0000E+00    3.5926E-14  1.2256E-11  0.0000E+00    7.6089E-05  2.8325E-07  0.0000E+00    3.67499E+01
      43  2.1500E+02  8.8655E-12  0.0000E+00    1.1901E-13  8.7465E-12  0.0000E+00    7.1672E-05  2.6850E-07  0.0000E+00    3.68867E+01
      44  2.2000E+02  6.0111E-12  0.0000E+00    3.9998E-14  5.9711E-12  0.0000E+00    6.7511E-05  2.5157E-07  0.0000E+00    3.70158E+01
      45  2.2500E+02  4.3758E-12  0.0000E+00    9.3631E-14  4.2822E-12  0.0000E+00    6.3592E-05  2.3803E-07  0.0000E+00    3.71372E+01
      46  2.3000E+02  2.9356E-12  0.0000E+00    4.1443E-14  2.8941E-12  0.0000E+00    5.9900E-05  2.2336E-07  0.0000E+00    3.72518E+01
      47  2.3500E+02  2.1669E-12  0.0000E+00    7.5659E-14  2.0912E-12  0.0000E+00    5.6422E-05  2.1107E-07  0.0000E+00    3.73595E+01
      48  2.4000E+02  1.4364E-12  0.0000E+00    4.0971E-14  1.3954E-12  0.0000E+00    5.3147E-05  1.9828E-07  0.0000E+00    3.74612E+01
      49  2.4500E+02  1.0820E-12  0.0000E+00    6.2486E-14  1.0195E-12  0.0000E+00    5.0061E-05  1.8720E-07  0.0000E+00    3.75568E+01
      50  2.5000E+02  7.0833E-13  0.0000E+00    3.9241E-14  6.6909E-13  0.0000E+00    4.7155E-05  1.7599E-07  0.0000E+00    3.76469E+01
      51  2.5500E+02  5.4913E-13  0.0000E+00    5.2511E-14  4.9662E-13  0.0000E+00    4.4418E-05  1.6604E-07  0.0000E+00    3.77318E+01
      52  2.6000E+02  3.5567E-13  0.0000E+00    3.6771E-14  3.1890E-13  0.0000E+00    4.1839E-05  1.5619E-07  0.0000E+00    3.78117E+01
      53  2.6500E+02  2.8674E-13  0.0000E+00    4.4730E-14  2.4201E-13  0.0000E+00    3.9410E-05  1.4729E-07  0.0000E+00    3.78870E+01
      54  2.7000E+02  1.8488E-13  0.0000E+00    3.3930E-14  1.5095E-13  0.0000E+00    3.7122E-05  1.3860E-07  0.0000E+00    3.79580E+01
      55  2.7500E+02  1.5665E-13  0.0000E+00    3.8501E-14  1.1815E-13  0.0000E+00    3.4967E-05  1.3067E-07  0.0000E+00    3.80248E+01
      56  2.8000E+02  1.0185E-13  0.0000E+00    3.0969E-14  7.0879E-14  0.0000E+00    3.2937E-05  1.2299E-07  0.0000E+00    3.80877E+01
      57  2.8500E+02  9.1292E-14  0.0000E+00    3.3401E-14  5.7891E-14  0.0000E+00    3.1025E-05  1.1592E-07  0.0000E+00    3.81470E+01
      58  2.9000E+02  6.0998E-14  0.0000E+00    2.8045E-14  3.2953E-14  0.0000E+00    2.9224E-05  1.0914E-07  0.0000E+00    3.82029E+01
      59  2.9500E+02  5.7688E-14  0.0000E+00    2.9148E-14  2.8540E-14  0.0000E+00    2.7527E-05  1.0285E-07  0.0000E+00    3.82555E+01
      60  3.0000E+02  4.0385E-14  0.0000E+00    2.5254E-14  1.5131E-14  0.0000E+00    2.5929E-05  9.6841E-08  0.0000E+00    3.83050E+01
      61  3.0500E+02  3.9750E-14  0.0000E+00    2.5550E-14  1.4201E-14  0.0000E+00    2.4424E-05  9.1247E-08  0.0000E+00    3.83517E+01
      62  3.1000E+02  2.9486E-14  0.0000E+00    2.2649E-14  6.8376E-15  0.0000E+00    2.3006E-05  8.5928E-08  0.0000E+00    3.83956E+01
      63  3.1500E+02  2.9629E-14  0.0000E+00    2.2468E-14  7.1610E-15  0.0000E+00    2.1671E-05  8.0957E-08  0.0000E+00    3.84370E+01
      64  3.2000E+02  2.3280E-14  0.0000E+00    2.0252E-14  3.0274E-15  0.0000E+00    2.0412E-05  7.6243E-08  0.0000E+00    3.84761E+01
      65  3.2500E+02  2.3485E-14  0.0000E+00    1.9806E-14  3.6790E-15  0.0000E+00    1.9227E-05  7.1828E-08  0.0000E+00    3.85128E+01
      66  3.3000E+02  1.9377E-14  0.0000E+00    1.8071E-14  1.3065E-15  0.0000E+00    1.8111E-05  6.7649E-08  0.0000E+00    3.85474E+01
      67  3.3500E+02  1.9429E-14  0.0000E+00    1.7490E-14  1.9384E-15  0.0000E+00    1.7060E-05  6.3729E-08  0.0000E+00    3.85800E+01
      68  3.4000E+02  1.6646E-14  0.0000E+00    1.6099E-14  5.4747E-16  0.0000E+00    1.6069E-05  6.0024E-08  0.0000E+00    3.86107E+01
      69  3.4500E+02  1.6521E-14  0.0000E+00    1.5465E-14  1.0554E-15  0.0000E+00    1.5137E-05  5.6544E-08  0.0000E+00    3.86396E+01
      70  3.5000E+02  1.4550E-14  0.0000E+00    1.4326E-14  2.2405E-16  0.0000E+00    1.4258E-05  5.3257E-08  0.0000E+00    3.86669E+01
      71  3.5500E+02  1.4286E-14  0.0000E+00    1.3688E-14  5.9881E-16  0.0000E+00    1.3430E-05  5.0169E-08  0.0000E+00    3.86925E+01
      72  3.6000E+02  1.2832E-14  0.0000E+00    1.2738E-14  9.3337E-17  0.0000E+00    1.2650E-05  4.7254E-08  0.0000E+00    3.87167E+01
      73  3.6500E+02  1.2479E-14  0.0000E+00    1.2123E-14  3.5681E-16  0.0000E+00    1.1916E-05  4.4512E-08  0.0000E+00    3.87395E+01
      74  3.7000E+02  1.1365E-14  0.0000E+00    1.1320E-14  4.4921E-17  0.0000E+00    1.1224E-05  4.1927E-08  0.0000E+00    3.87609E+01
      75  3.7500E+02  1.0966E-14  0.0000E+00    1.0742E-14  2.2458E-16  0.0000E+00    1.0573E-05  3.9494E-08  0.0000E+00    3.87811E+01
      76  3.8000E+02  1.0084E-14  0.0000E+00    1.0055E-14  2.9714E-17  0.0000E+00    9.9588E-06  3.7200E-08  0.0000E+00    3.88002E+01
      77  3.8500E+02  9.6714E-15  0.0000E+00    9.5218E-15  1.4966E-16  0.0000E+00    9.3807E-06  3.5041E-08  0.0000E+00    3.88181E+01
      78  3.9000E+02  8.9550E-15  0.0000E+00    8.9284E-15  2.6592E-17  0.0000E+00    8.8361E-06  3.3006E-08  0.0000E+00    3.88350E+01
      79  3.9500E+02  8.5479E-15  0.0000E+00    8.4425E-15  1.0541E-16  0.0000E+00    8.3231E-06  3.1091E-08  0.0000E+00    3.88509E+01
      80  4.0000E+02  7.9534E-15  0.0000E+00    7.9265E-15  2.6939E-17  0.0000E+00    7.8399E-06  2.9285E-08  0.0000E+00    3.88659E+01
      81  4.0500E+02  7.5651E-15  0.0000E+00    7.4870E-15  7.8054E-17  0.0000E+00    7.3848E-06  2.7586E-08  0.0000E+00    3.88800E+01
      82  4.1000E+02  7.0634E-15  0.0000E+00    7.0358E-15  2.7566E-17  0.0000E+00    6.9561E-06  2.5984E-08  0.0000E+00    3.88933E+01
      83  4.1500E+02  6.7009E-15  0.0000E+00    6.6406E-15  6.0307E-17  0.0000E+00    6.5523E-06  2.4476E-08  0.0000E+00    3.89058E+01
      84  4.2000E+02  6.2721E-15  0.0000E+00    6.2445E-15  2.7529E-17  0.0000E+00    6.1719E-06  2.3055E-08  0.0000E+00    3.89176E+01
      85  4.2500E+02  5.9387E-15  0.0000E+00    5.8904E-15  4.8227E-17  0.0000E+00    5.8136E-06  2.1716E-08  0.0000E+00    3.89287E+01
      86  4.3000E+02  5.5685E-15  0.0000E+00    5.5417E-15  2.6736E-17  0.0000E+00    5.4761E-06  2.0456E-08  0.0000E+00    3.89392E+01
      87  4.3500E+02  5.2650E-15  0.0000E+00    5.2254E-15  3.9615E-17  0.0000E+00    5.1582E-06  1.9268E-08  0.0000E+00    3.89490E+01
      88  4.4000E+02  4.9431E-15  0.0000E+00    4.9178E-15  2.5366E-17  0.0000E+00    4.8587E-06  1.8149E-08  0.0000E+00    3.89583E+01
      89  4.4500E+02  4.6689E-15  0.0000E+00    4.6357E-15  3.3212E-17  0.0000E+00    4.5767E-06  1.7096E-08  0.0000E+00    3.89670E+01
      90  4.5000E+02  4.3875E-15  0.0000E+00    4.3638E-15  2.3637E-17  0.0000E+00    4.3110E-06  1.6103E-08  0.0000E+00    3.89753E+01
      91  4.5500E+02  4.1410E-15  0.0000E+00    4.1127E-15  2.8272E-17  0.0000E+00    4.0607E-06  1.5169E-08  0.0000E+00    3.89830E+01
      92  4.6000E+02  3.8939E-15  0.0000E+00    3.8722E-15  2.1734E-17  0.0000E+00    3.8250E-06  1.4288E-08  0.0000E+00    3.89903E+01
      93  4.6500E+02  3.6731E-15  0.0000E+00    3.6488E-15  2.4339E-17  0.0000E+00    3.6029E-06  1.3458E-08  0.0000E+00    3.89972E+01
      94  4.7000E+02  3.4556E-15  0.0000E+00    3.4358E-15  1.9790E-17  0.0000E+00    3.3937E-06  1.2677E-08  0.0000E+00    3.90037E+01
      95  4.7500E+02  3.2584E-15  0.0000E+00    3.2373E-15  2.1127E-17  0.0000E+00    3.1967E-06  1.1941E-08  0.0000E+00    3.90098E+01
      96  4.8000E+02  3.0665E-15  0.0000E+00    3.0486E-15  1.7891E-17  0.0000E+00    3.0111E-06  1.1248E-08  0.0000E+00    3.90156E+01
      97  4.8500E+02  2.8907E-15  0.0000E+00    2.8722E-15  1.8449E-17  0.0000E+00    2.8363E-06  1.0595E-08  0.0000E+00    3.90210E+01
      98  4.9000E+02  2.7211E-15  0.0000E+00    2.7050E-15  1.6091E-17  0.0000E+00    2.6717E-06  9.9799E-09  0.0000E+00    3.90261E+01
      99  4.9500E+02  2.5645E-15  0.0000E+00    2.5483E-15  1.6182E-17  0.0000E+00    2.5166E-06  9.4005E-09  0.0000E+00    3.90309E+01
     100  5.0000E+02  2.4145E-15  0.0000E+00    2.4001E-15  1.4418E-17  0.0000E+00    2.3705E-06  8.8548E-09  0.0000E+00    3.90354E+01
