       0  0.000000E+00  1.734367E-11  0.000000E+00
       1  1.000000E+01  1.719866E-11 -4.215767E-04
       2  2.000000E+01  5.448924E-11  3.421830E-02
       3  3.000000E+01  4.037300E-11 -1.748229E-02
       4  4.000000E+01  5.883460E-11  1.568941E-02
       5  5.000000E+01  5.383444E-11 -4.644020E-03
       6  6.000000E+01  4.571387E-11 -8.881955E-03
       7  7.000000E+01  5.137660E-11  5.511004E-03
       8  8.000000E+01  2.756029E-11 -4.320767E-02
       9  9.000000E+01  2.900832E-11  2.495889E-03
      10  1.000000E+02  2.479175E-11 -8.503961E-03
      11  1.100000E+02  1.823241E-11 -1.798813E-02
      12  1.200000E+02  1.926554E-11  2.681287E-03
      13  1.300000E+02  1.489562E-11 -1.466847E-02
      14  1.400000E+02  1.209968E-11 -1.155377E-02
      15  1.500000E+02  1.431683E-11  7.743144E-03
      16  1.600000E+02  9.762556E-12 -2.332521E-02
      17  1.700000E+02  1.067706E-11  4.282549E-03
      18  1.800000E+02  1.063168E-11 -2.134104E-04
      19  1.900000E+02  6.955142E-12 -2.643035E-02
      20  2.000000E+02  9.543519E-12  1.356092E-02
      21  2.100000E+02  6.903545E-12 -1.912042E-02
      22  2.200000E+02  6.402314E-12 -3.914448E-03
      23  2.300000E+02  7.585649E-12  7.799828E-03
      24  2.400000E+02  5.083987E-12 -2.460335E-02
      25  2.500000E+02  6.196498E-12  8.976930E-03
      26  2.600000E+02  5.592513E-12 -5.399940E-03
      27  2.700000E+02  4.407182E-12 -1.344772E-02
      28  2.800000E+02  5.594575E-12  1.061201E-02
      29  2.900000E+02  4.126856E-12 -1.778254E-02
      30  3.000000E+02  4.436528E-12  3.490024E-03
      31  3.100000E+02  4.476184E-12  4.429661E-04
      32  3.200000E+02  3.675720E-12 -1.088854E-02
      33  3.300000E+02  3.981245E-12  3.837061E-03
      34  3.400000E+02  3.872599E-12 -1.402761E-03
      35  3.500000E+02  3.162216E-12 -1.123235E-02
      36  3.600000E+02  3.804381E-12  8.439802E-03
      37  3.700000E+02  3.066402E-12 -1.203331E-02
      38  3.800000E+02  3.156420E-12  1.425950E-03
      39  3.900000E+02  3.239820E-12  1.287120E-03
      40  4.000000E+02  2.816793E-12 -7.509028E-03
      41  4.100000E+02  2.938758E-12  2.075108E-03
      42  4.200000E+02  2.937699E-12 -1.802093E-05
      43  4.300000E+02  2.583305E-12 -6.859312E-03
      44  4.400000E+02  2.839439E-12  4.510288E-03
      45  4.500000E+02  2.669581E-12 -3.181344E-03
      46  4.600000E+02  2.478044E-12 -3.864679E-03
      47  4.700000E+02  2.782039E-12  5.463522E-03
      48  4.800000E+02  2.393878E-12 -8.107382E-03
      49  4.900000E+02  2.535504E-12  2.792870E-03
      50  5.000000E+02  2.624822E-12  1.701413E-03
      51  5.100000E+02  2.257219E-12 -8.142835E-03
      52  5.200000E+02  2.632133E-12  7.121871E-03
      53  5.300000E+02  2.400907E-12 -4.815398E-03
      54  5.400000E+02  2.349146E-12 -1.101708E-03
      55  5.500000E+02  2.607164E-12  4.948264E-03
      56  5.600000E+02  2.321601E-12 -6.150142E-03
      57  5.700000E+02  2.504018E-12  3.642493E-03
      58  5.800000E+02  2.585744E-12  1.580319E-03
      59  5.900000E+02  2.385191E-12 -4.204128E-03
      60  6.000000E+02  2.704471E-12  5.902817E-03
      61  6.100000E+02  2.566562E-12 -2.686660E-03
      62  6.200000E+02  2.644059E-12  1.465509E-03
      63  6.300000E+02  2.866936E-12  3.887025E-03
      64  6.400000E+02  2.728968E-12 -2.527853E-03
      65  6.500000E+02  2.997130E-12  4.473646E-03
      66  6.600000E+02  3.081542E-12  1.369646E-03
      67  6.700000E+02  3.124934E-12  6.942770E-04
      68  6.800000E+02  3.405275E-12  4.116286E-03
      69  6.900000E+02  3.521242E-12  1.646674E-03
      70  7.000000E+02  3.659719E-12  1.891901E-03
      71  7.100000E+02  4.015438E-12  4.429395E-03
      72  7.200000E+02  4.120301E-12  1.272517E-03
      73  7.300000E+02  4.461052E-12  3.819181E-03
      74  7.400000E+02  4.815288E-12  3.678237E-03
      75  7.500000E+02  4.985068E-12  1.702887E-03
      76  7.600000E+02  5.530645E-12  4.932313E-03
      77  7.700000E+02  5.848075E-12  2.713966E-03
      78  7.800000E+02  6.266081E-12  3.335466E-03
      79  7.900000E+02  6.891446E-12  4.537256E-03
      80  8.000000E+02  7.255101E-12  2.506204E-03
      81  8.100000E+02  8.010748E-12  4.716456E-03
      82  8.200000E+02  8.630291E-12  3.589355E-03
      83  8.300000E+02  9.296068E-12  3.580958E-03
      84  8.400000E+02  1.021410E-11  4.493945E-03
      85  8.500000E+02  1.102408E-11  3.673704E-03
      86  8.600000E+02  1.204602E-11  4.241806E-03
      87  8.700000E+02  1.316304E-11  4.242995E-03
      88  8.800000E+02  1.431554E-11  4.025371E-03
      89  8.900000E+02  1.569080E-11  4.382369E-03
      90  9.000000E+02  1.716217E-11  4.286667E-03
      91  9.100000E+02  1.873877E-11  4.206775E-03
      92  9.200000E+02  2.061085E-11  4.541507E-03
      93  9.300000E+02  2.253619E-11  4.271653E-03
      94  9.400000E+02  2.469292E-11  4.367102E-03
      95  9.500000E+02  2.716265E-11  4.546197E-03
      96  9.600000E+02  2.978076E-11  4.395641E-03
      97  9.700000E+02  3.269863E-11  4.461756E-03
      98  9.800000E+02  3.594810E-11  4.519673E-03
      99  9.900000E+02  3.941029E-11  4.392488E-03
     100  1.000000E+03  4.345255E-11  4.651349E-03
     101  1.010000E+03  4.768691E-11  4.439748E-03
     102  1.020000E+03  5.241619E-11  4.511286E-03
     103  1.030000E+03  5.767976E-11  4.562747E-03
     104  1.040000E+03  6.340637E-11  4.515806E-03
     105  1.050000E+03  6.981005E-11  4.586503E-03
     106  1.060000E+03  7.674798E-11  4.519940E-03
     107  1.070000E+03  8.439534E-11  4.530675E-03
     108  1.080000E+03  9.296821E-11  4.610646E-03
     109  1.090000E+03  1.022451E-10  4.536598E-03
     110  1.100000E+03  1.125359E-10  4.572211E-03
     111  1.110000E+03  1.239006E-10  4.586247E-03
     112  1.120000E+03  1.363279E-10  4.557852E-03
     113  1.130000E+03  1.500753E-10  4.580161E-03
     114  1.140000E+03  1.652588E-10  4.593864E-03
     115  1.150000E+03  1.819699E-10  4.591724E-03
     116  1.160000E+03  2.002907E-10  4.573550E-03
     117  1.170000E+03  2.205085E-10  4.584366E-03
     118  1.180000E+03  2.428827E-10  4.605970E-03
     119  1.190000E+03  2.675307E-10  4.606567E-03
     120  1.200000E+03  2.945018E-10  4.579105E-03
     121  1.210000E+03  3.243365E-10  4.599338E-03
     122  1.220000E+03  3.572402E-10  4.605266E-03
     123  1.230000E+03  3.934389E-10  4.600295E-03
     124  1.240000E+03  4.333930E-10  4.609453E-03
     125  1.250000E+03  4.772641E-10  4.596109E-03
     126  1.260000E+03  5.256057E-10  4.598656E-03
     127  1.270000E+03  5.790108E-10  4.611751E-03
     128  1.280000E+03  6.377512E-10  4.605275E-03
     129  1.290000E+03  7.024389E-10  4.604508E-03
     130  1.300000E+03  7.736604E-10  4.602893E-03
     131  1.310000E+03  8.521229E-10  4.603939E-03
     132  1.320000E+03  9.386243E-10  4.607881E-03
     133  1.330000E+03  1.033871E-09  4.606322E-03
     134  1.340000E+03  1.138903E-09  4.611094E-03
     135  1.350000E+03  1.254293E-09  4.599796E-03
     136  1.360000E+03  1.381443E-09  4.602082E-03
     137  1.370000E+03  1.521905E-09  4.614673E-03
     138  1.380000E+03  1.676493E-09  4.610469E-03
     139  1.390000E+03  1.846403E-09  4.601105E-03
     140  1.400000E+03  2.033683E-09  4.604445E-03
     141  1.410000E+03  2.240328E-09  4.611936E-03
     142  1.420000E+03  2.467956E-09  4.611667E-03
     143  1.430000E+03  2.718340E-09  4.605473E-03
     144  1.440000E+03  2.994206E-09  4.606663E-03
     145  1.450000E+03  3.298249E-09  4.609148E-03
     146  1.460000E+03  3.633291E-09  4.610729E-03
     147  1.470000E+03  4.002269E-09  4.609611E-03
     148  1.480000E+03  4.408543E-09  4.607803E-03
     149  1.490000E+03  4.856215E-09  4.609270E-03
     150  1.500000E+03  5.349357E-09  4.609352E-03
