       0  0.0000E+00  5.2264E-10  0.0000E+00    5.2264E-10  0.0000E+00  0.0000E+00    1.1629E+00  5.7061E+01  4.4644E-01    5.86701E+01
       1  4.0000E+01  2.5496E-10 -8.6059E-03    2.5480E-10  1.6776E-13 -7.3085E-15    1.1581E+00  5.7060E+01  4.4816E-01    5.86663E+01
       2  8.0000E+01  7.1633E-07  2.4982E-02    1.6771E-07  5.2780E-07  2.0829E-08    1.1496E+00  5.7061E+01  4.5087E-01    5.86623E+01
       3  1.2000E+02  1.8845E-07 -1.4586E-02    5.2148E-08  1.3213E-07  4.1692E-09    1.1451E+00  5.7060E+01  4.5246E-01    5.86595E+01
       4  1.6000E+02  5.1635E-07  1.1631E-02    1.2868E-07  3.6712E-07  2.0548E-08    1.1384E+00  5.7061E+01  4.5408E-01    5.86551E+01
       5  2.0000E+02  2.4680E-07 -8.8304E-03    4.3842E-08  1.9991E-07  3.0466E-09    1.1333E+00  5.7060E+01  4.5518E-01    5.86513E+01
       6  2.4000E+02  3.6217E-07  4.7364E-03    6.8220E-08  2.8049E-07  1.3463E-08    1.1273E+00  5.7060E+01  4.5630E-01    5.86468E+01
       7  2.8000E+02  2.5535E-07 -4.3246E-03    2.5451E-08  2.2784E-07  2.0540E-09    1.1221E+00  5.7060E+01  4.5715E-01    5.86425E+01
       8  3.2000E+02  2.9354E-07  1.7396E-03    3.8265E-08  2.4674E-07  8.5384E-09    1.1164E+00  5.7060E+01  4.5800E-01    5.86379E+01
       9  3.6000E+02  2.5930E-07 -1.5485E-03    2.0659E-08  2.3649E-07  2.1531E-09    1.1111E+00  5.7060E+01  4.5869E-01    5.86334E+01
      10  4.0000E+02  2.6573E-07  3.0635E-04    2.7206E-08  2.3257E-07  5.9545E-09    1.1057E+00  5.7060E+01  4.5934E-01    5.86287E+01
      11  4.4000E+02  2.6005E-07 -2.7040E-04    2.0414E-08  2.3704E-07  2.5897E-09    1.1004E+00  5.7060E+01  4.5991E-01    5.86241E+01
      12  4.8000E+02  2.5331E-07 -3.2808E-04    2.2962E-08  2.2567E-07  4.6809E-09    1.0951E+00  5.7060E+01  4.6043E-01    5.86194E+01
      13  5.2000E+02  2.5768E-07  2.1377E-04    2.0558E-08  2.3416E-07  2.9561E-09    1.0899E+00  5.7060E+01  4.6090E-01    5.86147E+01
      14  5.6000E+02  2.4683E-07 -5.3745E-04    2.1146E-08  2.2165E-07  4.0423E-09    1.0847E+00  5.7060E+01  4.6132E-01    5.86100E+01
      15  6.0000E+02  2.5349E-07  3.3258E-04    2.0455E-08  2.2986E-07  3.1697E-09    1.0796E+00  5.7060E+01  4.6170E-01    5.86053E+01
      16  6.4000E+02  2.4258E-07 -5.5001E-04    2.0212E-08  2.1866E-07  3.7018E-09    1.0746E+00  5.7060E+01  4.6205E-01    5.86006E+01
      17  6.8000E+02  2.4849E-07  3.0100E-04    2.0089E-08  2.2514E-07  3.2591E-09    1.0697E+00  5.7060E+01  4.6236E-01    5.85961E+01
      18  7.2000E+02  2.3863E-07 -5.0604E-04    1.9302E-08  2.1583E-07  3.4959E-09    1.0650E+00  5.7059E+01  4.6265E-01    5.85917E+01
      19  7.6000E+02  2.4251E-07  2.0170E-04    1.8860E-08  2.2039E-07  3.2542E-09    1.0608E+00  5.7059E+01  4.6291E-01    5.85878E+01
      20  8.0000E+02  2.3232E-07 -5.3634E-04    1.6379E-08  2.1263E-07  3.3109E-09    1.0580E+00  5.7059E+01  4.6318E-01    5.85853E+01
      21  8.4000E+02  2.3227E-07 -2.8517E-06    1.3832E-08  2.1535E-07  3.0875E-09    1.0582E+00  5.7059E+01  4.6349E-01    5.85860E+01
      22  8.8000E+02  2.2099E-07 -6.2241E-04    1.0401E-08  2.0769E-07  2.8950E-09    1.0637E+00  5.7059E+01  4.6396E-01    5.85925E+01
      23  9.2000E+02  2.3529E-07  7.8353E-04    2.7383E-08  2.0542E-07  2.4791E-09    1.0713E+00  5.7059E+01  4.6470E-01    5.86016E+01
      24  9.6000E+02  2.1123E-07 -1.3468E-03    2.1031E-08  1.8780E-07  2.3985E-09    1.0748E+00  5.7059E+01  4.6558E-01    5.86062E+01
      25  1.0000E+03  2.0466E-07 -3.9480E-04    1.3445E-08  1.8858E-07  2.6356E-09    1.0772E+00  5.7059E+01  4.6645E-01    5.86089E+01
      26  1.0400E+03  2.0796E-07  2.0004E-04    9.0863E-09  1.9620E-07  2.6822E-09    1.0776E+00  5.7059E+01  4.6727E-01    5.86100E+01
      27  1.0800E+03  2.1324E-07  3.1309E-04    2.2583E-08  1.8790E-07  2.7603E-09    1.0779E+00  5.7059E+01  4.6804E-01    5.86108E+01
      28  1.1200E+03  2.1471E-07  8.5745E-05    1.2626E-08  1.9927E-07  2.8102E-09    1.0776E+00  5.7059E+01  4.6876E-01    5.86112E+01
      29  1.1600E+03  2.1489E-07  1.0584E-05    2.2274E-08  1.8983E-07  2.7846E-09    1.0775E+00  5.7059E+01  4.6947E-01    5.86117E+01
      30  1.2000E+03  2.1409E-07 -4.6394E-05    1.3291E-08  1.9798E-07  2.8235E-09    1.0771E+00  5.7059E+01  4.7017E-01    5.86120E+01
      31  1.2400E+03  2.1246E-07 -9.5449E-05    1.8841E-08  1.9084E-07  2.7853E-09    1.0768E+00  5.7059E+01  4.7085E-01    5.86125E+01
      32  1.2800E+03  2.1206E-07 -2.4035E-05    1.2766E-08  1.9648E-07  2.8070E-09    1.0764E+00  5.7059E+01  4.7154E-01    5.86128E+01
      33  1.3200E+03  2.0975E-07 -1.3662E-04    1.6484E-08  1.9049E-07  2.7732E-09    1.0761E+00  5.7059E+01  4.7222E-01    5.86132E+01
      34  1.3600E+03  2.1050E-07  4.4313E-05    1.2410E-08  1.9530E-07  2.7891E-09    1.0758E+00  5.7059E+01  4.7290E-01    5.86136E+01
      35  1.4000E+03  2.0778E-07 -1.6222E-04    1.5266E-08  1.8976E-07  2.7570E-09    1.0755E+00  5.7059E+01  4.7357E-01    5.86139E+01
      36  1.4400E+03  2.0917E-07  8.3469E-05    1.2363E-08  1.9404E-07  2.7729E-09    1.0751E+00  5.7059E+01  4.7425E-01    5.86143E+01
      37  1.4800E+03  2.0655E-07 -1.5802E-04    1.4661E-08  1.8914E-07  2.7411E-09    1.0748E+00  5.7059E+01  4.7492E-01    5.86146E+01
      38  1.5200E+03  2.0780E-07  7.5852E-05    1.2473E-08  1.9257E-07  2.7557E-09    1.0744E+00  5.7059E+01  4.7559E-01    5.86149E+01
      39  1.5600E+03  2.0568E-07 -1.2808E-04    1.4329E-08  1.8863E-07  2.7259E-09    1.0741E+00  5.7059E+01  4.7626E-01    5.86152E+01
      40  1.6000E+03  2.0637E-07  4.1727E-05    1.2618E-08  1.9102E-07  2.7366E-09    1.0738E+00  5.7059E+01  4.7692E-01    5.86156E+01
      41  1.6400E+03  2.0489E-07 -9.0051E-05    1.4124E-08  1.8806E-07  2.7103E-09    1.0734E+00  5.7059E+01  4.7758E-01    5.86159E+01
      42  1.6800E+03  2.0497E-07  4.8662E-06    1.2755E-08  1.8950E-07  2.7165E-09    1.0731E+00  5.7059E+01  4.7824E-01    5.86162E+01
      43  1.7200E+03  2.0403E-07 -5.7708E-05    1.3991E-08  1.8734E-07  2.6940E-09    1.0728E+00  5.7059E+01  4.7889E-01    5.86166E+01
      44  1.7600E+03  2.0366E-07 -2.2737E-05    1.2880E-08  1.8808E-07  2.6964E-09    1.0725E+00  5.7059E+01  4.7955E-01    5.86170E+01
      45  1.8000E+03  2.0307E-07 -3.5860E-05    1.3910E-08  1.8649E-07  2.6771E-09    1.0722E+00  5.7059E+01  4.8020E-01    5.86173E+01
      46  1.8400E+03  2.0243E-07 -3.9486E-05    1.2997E-08  1.8676E-07  2.6766E-09    1.0719E+00  5.7059E+01  4.8084E-01    5.86177E+01
      47  1.8800E+03  2.0205E-07 -2.3354E-05    1.3867E-08  1.8553E-07  2.6598E-09    1.0717E+00  5.7059E+01  4.8149E-01    5.86181E+01
      48  1.9200E+03  2.0128E-07 -4.8240E-05    1.3107E-08  1.8551E-07  2.6574E-09    1.0714E+00  5.7059E+01  4.8213E-01    5.86185E+01
      49  1.9600E+03  2.0100E-07 -1.7106E-05    1.3849E-08  1.8451E-07  2.6423E-09    1.0712E+00  5.7059E+01  4.8277E-01    5.86189E+01
      50  2.0000E+03  2.0016E-07 -5.2242E-05    1.3208E-08  1.8432E-07  2.6387E-09    1.0709E+00  5.7059E+01  4.8341E-01    5.86193E+01
      51  2.0400E+03  1.9993E-07 -1.4376E-05    1.3847E-08  1.8346E-07  2.6247E-09    1.0707E+00  5.7059E+01  4.8404E-01    5.86197E+01
      52  2.0800E+03  1.9908E-07 -5.3710E-05    1.3302E-08  1.8315E-07  2.6203E-09    1.0705E+00  5.7059E+01  4.8467E-01    5.86201E+01
      53  2.1200E+03  1.9886E-07 -1.3409E-05    1.3856E-08  1.8240E-07  2.6073E-09    1.0703E+00  5.7059E+01  4.8530E-01    5.86206E+01
      54  2.1600E+03  1.9801E-07 -5.3876E-05    1.3389E-08  1.8202E-07  2.6023E-09    1.0701E+00  5.7059E+01  4.8592E-01    5.86210E+01
      55  2.2000E+03  1.9780E-07 -1.3275E-05    1.3873E-08  1.8133E-07  2.5900E-09    1.0699E+00  5.7059E+01  4.8654E-01    5.86215E+01
      56  2.2400E+03  1.9695E-07 -5.3362E-05    1.3470E-08  1.8090E-07  2.5846E-09    1.0698E+00  5.7059E+01  4.8716E-01    5.86219E+01
      57  2.2800E+03  1.9674E-07 -1.3534E-05    1.3894E-08  1.8027E-07  2.5729E-09    1.0696E+00  5.7059E+01  4.8777E-01    5.86224E+01
      58  2.3200E+03  1.9592E-07 -5.2483E-05    1.3546E-08  1.7980E-07  2.5672E-09    1.0695E+00  5.7059E+01  4.8838E-01    5.86228E+01
      59  2.3600E+03  1.9570E-07 -1.3979E-05    1.3920E-08  1.7922E-07  2.5560E-09    1.0693E+00  5.7059E+01  4.8899E-01    5.86233E+01
      60  2.4000E+03  1.9489E-07 -5.1410E-05    1.3617E-08  1.7873E-07  2.5500E-09    1.0692E+00  5.7059E+01  4.8959E-01    5.86238E+01
      61  2.4400E+03  1.9467E-07 -1.4507E-05    1.3949E-08  1.7818E-07  2.5394E-09    1.0691E+00  5.7059E+01  4.9019E-01    5.86243E+01
      62  2.4800E+03  1.9389E-07 -5.0243E-05    1.3685E-08  1.7767E-07  2.5332E-09    1.0690E+00  5.7059E+01  4.9079E-01    5.86248E+01
      63  2.5200E+03  1.9365E-07 -1.5059E-05    1.3979E-08  1.7715E-07  2.5230E-09    1.0689E+00  5.7059E+01  4.9138E-01    5.86253E+01
      64  2.5600E+03  1.9290E-07 -4.9035E-05    1.3749E-08  1.7663E-07  2.5167E-09    1.0688E+00  5.7059E+01  4.9197E-01    5.86258E+01
      65  2.6000E+03  1.9265E-07 -1.5605E-05    1.4011E-08  1.7614E-07  2.5069E-09    1.0687E+00  5.7059E+01  4.9256E-01    5.86263E+01
      66  2.6400E+03  1.9192E-07 -4.7818E-05    1.3809E-08  1.7561E-07  2.5005E-09    1.0686E+00  5.7059E+01  4.9314E-01    5.86268E+01
      67  2.6800E+03  1.9167E-07 -1.6126E-05    1.4043E-08  1.7514E-07  2.4910E-09    1.0686E+00  5.7059E+01  4.9371E-01    5.86273E+01
      68  2.7200E+03  1.9096E-07 -4.6611E-05    1.3866E-08  1.7461E-07  2.4845E-09    1.0685E+00  5.7059E+01  4.9428E-01    5.86278E+01
      69  2.7600E+03  1.9070E-07 -1.6616E-05    1.4075E-08  1.7415E-07  2.4754E-09    1.0684E+00  5.7059E+01  4.9485E-01    5.86283E+01
      70  2.8000E+03  1.9001E-07 -4.5424E-05    1.3920E-08  1.7362E-07  2.4688E-09    1.0684E+00  5.7059E+01  4.9541E-01    5.86288E+01
      71  2.8400E+03  1.8975E-07 -1.7074E-05    1.4108E-08  1.7319E-07  2.4600E-09    1.0684E+00  5.7059E+01  4.9597E-01    5.86293E+01
      72  2.8800E+03  1.8908E-07 -4.4262E-05    1.3972E-08  1.7266E-07  2.4534E-09    1.0683E+00  5.7059E+01  4.9653E-01    5.86298E+01
      73  2.9200E+03  1.8882E-07 -1.7500E-05    1.4140E-08  1.7223E-07  2.4449E-09    1.0683E+00  5.7059E+01  4.9708E-01    5.86304E+01
      74  2.9600E+03  1.8817E-07 -4.3131E-05    1.4020E-08  1.7171E-07  2.4382E-09    1.0683E+00  5.7059E+01  4.9762E-01    5.86309E+01
      75  3.0000E+03  1.8790E-07 -1.7894E-05    1.4171E-08  1.7130E-07  2.4300E-09    1.0683E+00  5.7059E+01  4.9817E-01    5.86314E+01
      76  3.0400E+03  1.8727E-07 -4.2030E-05    1.4066E-08  1.7078E-07  2.4233E-09    1.0682E+00  5.7059E+01  4.9870E-01    5.86319E+01
      77  3.0800E+03  1.8699E-07 -1.8258E-05    1.4202E-08  1.7038E-07  2.4153E-09    1.0682E+00  5.7059E+01  4.9923E-01    5.86325E+01
      78  3.1200E+03  1.8638E-07 -4.0961E-05    1.4109E-08  1.6987E-07  2.4086E-09    1.0682E+00  5.7059E+01  4.9976E-01    5.86330E+01
      79  3.1600E+03  1.8611E-07 -1.8594E-05    1.4231E-08  1.6947E-07  2.4008E-09    1.0682E+00  5.7059E+01  5.0028E-01    5.86335E+01
      80  3.2000E+03  1.8551E-07 -3.9925E-05    1.4150E-08  1.6897E-07  2.3942E-09    1.0682E+00  5.7059E+01  5.0080E-01    5.86340E+01
      81  3.2400E+03  1.8523E-07 -1.8903E-05    1.4260E-08  1.6859E-07  2.3866E-09    1.0683E+00  5.7059E+01  5.0131E-01    5.86346E+01
      82  3.2800E+03  1.8466E-07 -3.8922E-05    1.4189E-08  1.6809E-07  2.3800E-09    1.0683E+00  5.7059E+01  5.0182E-01    5.86351E+01
      83  3.3200E+03  1.8437E-07 -1.9186E-05    1.4288E-08  1.6771E-07  2.3726E-09    1.0683E+00  5.7059E+01  5.0233E-01    5.86356E+01
      84  3.3600E+03  1.8381E-07 -3.7951E-05    1.4225E-08  1.6722E-07  2.3660E-09    1.0683E+00  5.7059E+01  5.0282E-01    5.86361E+01
      85  3.4000E+03  1.8353E-07 -1.9443E-05    1.4314E-08  1.6686E-07  2.3588E-09    1.0683E+00  5.7059E+01  5.0332E-01    5.86366E+01
      86  3.4400E+03  1.8299E-07 -3.7015E-05    1.4259E-08  1.6637E-07  2.3522E-09    1.0684E+00  5.7059E+01  5.0381E-01    5.86372E+01
      87  3.4800E+03  1.8270E-07 -1.9674E-05    1.4339E-08  1.6601E-07  2.3451E-09    1.0684E+00  5.7059E+01  5.0429E-01    5.86377E+01
      88  3.5200E+03  1.8217E-07 -3.6111E-05    1.4291E-08  1.6554E-07  2.3386E-09    1.0685E+00  5.7059E+01  5.0477E-01    5.86382E+01
      89  3.5600E+03  1.8188E-07 -1.9882E-05    1.4363E-08  1.6519E-07  2.3317E-09    1.0685E+00  5.7059E+01  5.0524E-01    5.86387E+01
      90  3.6000E+03  1.8137E-07 -3.5240E-05    1.4321E-08  1.6472E-07  2.3253E-09    1.0685E+00  5.7059E+01  5.0571E-01    5.86392E+01
      91  3.6400E+03  1.8108E-07 -2.0067E-05    1.4386E-08  1.6437E-07  2.3185E-09    1.0686E+00  5.7059E+01  5.0617E-01    5.86397E+01
      92  3.6800E+03  1.8058E-07 -3.4401E-05    1.4349E-08  1.6392E-07  2.3121E-09    1.0686E+00  5.7059E+01  5.0663E-01    5.86402E+01
      93  3.7200E+03  1.8029E-07 -2.0228E-05    1.4408E-08  1.6358E-07  2.3055E-09    1.0687E+00  5.7059E+01  5.0709E-01    5.86407E+01
      94  3.7600E+03  1.7980E-07 -3.3592E-05    1.4375E-08  1.6313E-07  2.2991E-09    1.0688E+00  5.7059E+01  5.0753E-01    5.86412E+01
      95  3.8000E+03  1.7951E-07 -2.0368E-05    1.4428E-08  1.6279E-07  2.2926E-09    1.0688E+00  5.7059E+01  5.0798E-01    5.86417E+01
      96  3.8400E+03  1.7904E-07 -3.2814E-05    1.4399E-08  1.6236E-07  2.2863E-09    1.0689E+00  5.7059E+01  5.0841E-01    5.86422E+01
      97  3.8800E+03  1.7875E-07 -2.0484E-05    1.4447E-08  1.6202E-07  2.2799E-09    1.0689E+00  5.7059E+01  5.0885E-01    5.86427E+01
      98  3.9200E+03  1.7829E-07 -3.2067E-05    1.4421E-08  1.6160E-07  2.2737E-09    1.0690E+00  5.7059E+01  5.0928E-01    5.86432E+01
      99  3.9600E+03  1.7800E-07 -2.0578E-05    1.4464E-08  1.6127E-07  2.2675E-09    1.0691E+00  5.7059E+01  5.0970E-01    5.86437E+01
     100  4.0000E+03  1.7755E-07 -3.1350E-05    1.4442E-08  1.6085E-07  2.2613E-09    1.0691E+00  5.7059E+01  5.1012E-01    5.86442E+01
     101  4.0400E+03  1.7726E-07 -2.0652E-05    1.4480E-08  1.6052E-07  2.2551E-09    1.0692E+00  5.7059E+01  5.1053E-01    5.86447E+01
     102  4.0800E+03  1.7682E-07 -3.0660E-05    1.4460E-08  1.6011E-07  2.2491E-09    1.0693E+00  5.7059E+01  5.1094E-01    5.86451E+01
     103  4.1200E+03  1.7653E-07 -2.0706E-05    1.4495E-08  1.5979E-07  2.2430E-09    1.0694E+00  5.7059E+01  5.1134E-01    5.86456E+01
     104  4.1600E+03  1.7611E-07 -2.9998E-05    1.4478E-08  1.5939E-07  2.2370E-09    1.0694E+00  5.7059E+01  5.1174E-01    5.86461E+01
     105  4.2000E+03  1.7582E-07 -2.0740E-05    1.4509E-08  1.5908E-07  2.2310E-09    1.0695E+00  5.7059E+01  5.1213E-01    5.86466E+01
     106  4.2400E+03  1.7540E-07 -2.9360E-05    1.4493E-08  1.5869E-07  2.2251E-09    1.0696E+00  5.7059E+01  5.1252E-01    5.86470E+01
     107  4.2800E+03  1.7511E-07 -2.0756E-05    1.4521E-08  1.5837E-07  2.2192E-09    1.0697E+00  5.7059E+01  5.1290E-01    5.86475E+01
     108  4.3200E+03  1.7471E-07 -2.8747E-05    1.4507E-08  1.5799E-07  2.2133E-09    1.0698E+00  5.7059E+01  5.1327E-01    5.86479E+01
     109  4.3600E+03  1.7442E-07 -2.0756E-05    1.4532E-08  1.5768E-07  2.2076E-09    1.0699E+00  5.7059E+01  5.1365E-01    5.86484E+01
     110  4.4000E+03  1.7403E-07 -2.8158E-05    1.4520E-08  1.5731E-07  2.2018E-09    1.0699E+00  5.7059E+01  5.1401E-01    5.86488E+01
     111  4.4400E+03  1.7374E-07 -2.0739E-05    1.4542E-08  1.5700E-07  2.1961E-09    1.0700E+00  5.7059E+01  5.1437E-01    5.86493E+01
     112  4.4800E+03  1.7336E-07 -2.7588E-05    1.4531E-08  1.5664E-07  2.1904E-09    1.0701E+00  5.7059E+01  5.1473E-01    5.86497E+01
     113  4.5200E+03  1.7307E-07 -2.0708E-05    1.4551E-08  1.5633E-07  2.1847E-09    1.0702E+00  5.7059E+01  5.1508E-01    5.86501E+01
     114  4.5600E+03  1.7270E-07 -2.7041E-05    1.4541E-08  1.5598E-07  2.1791E-09    1.0703E+00  5.7059E+01  5.1543E-01    5.86506E+01
     115  4.6000E+03  1.7241E-07 -2.0661E-05    1.4558E-08  1.5568E-07  2.1736E-09    1.0704E+00  5.7059E+01  5.1577E-01    5.86510E+01
     116  4.6400E+03  1.7205E-07 -2.6513E-05    1.4549E-08  1.5533E-07  2.1680E-09    1.0705E+00  5.7059E+01  5.1611E-01    5.86514E+01
     117  4.6800E+03  1.7176E-07 -2.0599E-05    1.4564E-08  1.5503E-07  2.1626E-09    1.0706E+00  5.7059E+01  5.1644E-01    5.86518E+01
     118  4.7200E+03  1.7140E-07 -2.6004E-05    1.4556E-08  1.5469E-07  2.1571E-09    1.0707E+00  5.7059E+01  5.1677E-01    5.86523E+01
     119  4.7600E+03  1.7112E-07 -2.0525E-05    1.4570E-08  1.5440E-07  2.1517E-09    1.0708E+00  5.7059E+01  5.1709E-01    5.86527E+01
     120  4.8000E+03  1.7077E-07 -2.5513E-05    1.4562E-08  1.5407E-07  2.1463E-09    1.0709E+00  5.7059E+01  5.1740E-01    5.86531E+01
     121  4.8400E+03  1.7050E-07 -2.0438E-05    1.4574E-08  1.5378E-07  2.1410E-09    1.0710E+00  5.7059E+01  5.1772E-01    5.86535E+01
     122  4.8800E+03  1.7015E-07 -2.5037E-05    1.4567E-08  1.5345E-07  2.1356E-09    1.0710E+00  5.7059E+01  5.1802E-01    5.86539E+01
     123  4.9200E+03  1.6988E-07 -2.0340E-05    1.4577E-08  1.5317E-07  2.1304E-09    1.0711E+00  5.7059E+01  5.1832E-01    5.86543E+01
     124  4.9600E+03  1.6954E-07 -2.4578E-05    1.4570E-08  1.5285E-07  2.1251E-09    1.0712E+00  5.7059E+01  5.1862E-01    5.86547E+01
     125  5.0000E+03  1.6927E-07 -2.0232E-05    1.4579E-08  1.5257E-07  2.1200E-09    1.0713E+00  5.7059E+01  5.1891E-01    5.86550E+01
     126  5.0400E+03  1.6894E-07 -2.4133E-05    1.4573E-08  1.5226E-07  2.1148E-09    1.0714E+00  5.7059E+01  5.1920E-01    5.86554E+01
     127  5.0800E+03  1.6867E-07 -2.0112E-05    1.4580E-08  1.5198E-07  2.1097E-09    1.0715E+00  5.7059E+01  5.1948E-01    5.86558E+01
     128  5.1200E+03  1.6835E-07 -2.3703E-05    1.4574E-08  1.5167E-07  2.1046E-09    1.0716E+00  5.7059E+01  5.1976E-01    5.86562E+01
     129  5.1600E+03  1.6808E-07 -1.9984E-05    1.4580E-08  1.5140E-07  2.0996E-09    1.0717E+00  5.7059E+01  5.2004E-01    5.86565E+01
     130  5.2000E+03  1.6777E-07 -2.3285E-05    1.4575E-08  1.5110E-07  2.0945E-09    1.0718E+00  5.7059E+01  5.2030E-01    5.86569E+01
     131  5.2400E+03  1.6750E-07 -1.9845E-05    1.4580E-08  1.5084E-07  2.0896E-09    1.0719E+00  5.7059E+01  5.2057E-01    5.86573E+01
     132  5.2800E+03  1.6720E-07 -2.2880E-05    1.4574E-08  1.5054E-07  2.0846E-09    1.0720E+00  5.7059E+01  5.2083E-01    5.86576E+01
     133  5.3200E+03  1.6694E-07 -1.9699E-05    1.4578E-08  1.5028E-07  2.0798E-09    1.0721E+00  5.7059E+01  5.2108E-01    5.86580E+01
     134  5.3600E+03  1.6663E-07 -2.2487E-05    1.4572E-08  1.4999E-07  2.0749E-09    1.0722E+00  5.7059E+01  5.2133E-01    5.86583E+01
     135  5.4000E+03  1.6637E-07 -1.9546E-05    1.4575E-08  1.4973E-07  2.0701E-09    1.0724E+00  5.7059E+01  5.2158E-01    5.86586E+01
     136  5.4400E+03  1.6608E-07 -2.2103E-05    1.4570E-08  1.4945E-07  2.0652E-09    1.0725E+00  5.7059E+01  5.2182E-01    5.86590E+01
     137  5.4800E+03  1.6582E-07 -1.9385E-05    1.4572E-08  1.4919E-07  2.0605E-09    1.0726E+00  5.7059E+01  5.2205E-01    5.86593E+01
     138  5.5200E+03  1.6554E-07 -2.1731E-05    1.4567E-08  1.4891E-07  2.0557E-09    1.0727E+00  5.7059E+01  5.2228E-01    5.86596E+01
     139  5.5600E+03  1.6528E-07 -1.9217E-05    1.4568E-08  1.4866E-07  2.0511E-09    1.0728E+00  5.7059E+01  5.2251E-01    5.86600E+01
     140  5.6000E+03  1.6500E-07 -2.1369E-05    1.4562E-08  1.4839E-07  2.0464E-09    1.0729E+00  5.7059E+01  5.2273E-01    5.86603E+01
     141  5.6400E+03  1.6475E-07 -1.9043E-05    1.4563E-08  1.4814E-07  2.0418E-09    1.0730E+00  5.7059E+01  5.2295E-01    5.86606E+01
     142  5.6800E+03  1.6447E-07 -2.1015E-05    1.4557E-08  1.4788E-07  2.0371E-09    1.0731E+00  5.7059E+01  5.2317E-01    5.86609E+01
     143  5.7200E+03  1.6422E-07 -1.8864E-05    1.4557E-08  1.4763E-07  2.0326E-09    1.0732E+00  5.7059E+01  5.2337E-01    5.86612E+01
     144  5.7600E+03  1.6395E-07 -2.0668E-05    1.4552E-08  1.4737E-07  2.0280E-09    1.0733E+00  5.7059E+01  5.2358E-01    5.86615E+01
     145  5.8000E+03  1.6371E-07 -1.8681E-05    1.4551E-08  1.4713E-07  2.0236E-09    1.0734E+00  5.7059E+01  5.2378E-01    5.86618E+01
     146  5.8400E+03  1.6344E-07 -2.0329E-05    1.4545E-08  1.4688E-07  2.0191E-09    1.0735E+00  5.7059E+01  5.2398E-01    5.86621E+01
     147  5.8800E+03  1.6320E-07 -1.8492E-05    1.4544E-08  1.4664E-07  2.0147E-09    1.0736E+00  5.7059E+01  5.2417E-01    5.86624E+01
     148  5.9200E+03  1.6294E-07 -2.0000E-05    1.4538E-08  1.4639E-07  2.0103E-09    1.0737E+00  5.7059E+01  5.2436E-01    5.86627E+01
     149  5.9600E+03  1.6270E-07 -1.8299E-05    1.4536E-08  1.4616E-07  2.0059E-09    1.0738E+00  5.7059E+01  5.2454E-01    5.86630E+01
     150  6.0000E+03  1.6244E-07 -1.9676E-05    1.4530E-08  1.4591E-07  2.0016E-09    1.0739E+00  5.7059E+01  5.2472E-01    5.86632E+01
     151  6.0400E+03  1.6221E-07 -1.8103E-05    1.4528E-08  1.4568E-07  1.9973E-09    1.0740E+00  5.7059E+01  5.2489E-01    5.86635E+01
     152  6.0800E+03  1.6196E-07 -1.9359E-05    1.4522E-08  1.4544E-07  1.9930E-09    1.0741E+00  5.7059E+01  5.2506E-01    5.86638E+01
     153  6.1200E+03  1.6173E-07 -1.7902E-05    1.4519E-08  1.4522E-07  1.9888E-09    1.0742E+00  5.7059E+01  5.2523E-01    5.86640E+01
     154  6.1600E+03  1.6148E-07 -1.9049E-05    1.4513E-08  1.4498E-07  1.9845E-09    1.0743E+00  5.7059E+01  5.2539E-01    5.86643E+01
     155  6.2000E+03  1.6125E-07 -1.7698E-05    1.4509E-08  1.4476E-07  1.9804E-09    1.0744E+00  5.7059E+01  5.2555E-01    5.86645E+01
     156  6.2400E+03  1.6101E-07 -1.8743E-05    1.4503E-08  1.4453E-07  1.9762E-09    1.0745E+00  5.7059E+01  5.2571E-01    5.86648E+01
     157  6.2800E+03  1.6078E-07 -1.7493E-05    1.4499E-08  1.4431E-07  1.9721E-09    1.0746E+00  5.7059E+01  5.2586E-01    5.86650E+01
     158  6.3200E+03  1.6055E-07 -1.8442E-05    1.4493E-08  1.4409E-07  1.9680E-09    1.0747E+00  5.7059E+01  5.2601E-01    5.86653E+01
     159  6.3600E+03  1.6033E-07 -1.7286E-05    1.4489E-08  1.4387E-07  1.9640E-09    1.0748E+00  5.7059E+01  5.2615E-01    5.86655E+01
     160  6.4000E+03  1.6009E-07 -1.8147E-05    1.4482E-08  1.4365E-07  1.9600E-09    1.0749E+00  5.7059E+01  5.2629E-01    5.86657E+01
     161  6.4400E+03  1.5987E-07 -1.7076E-05    1.4478E-08  1.4344E-07  1.9560E-09    1.0750E+00  5.7059E+01  5.2642E-01    5.86660E+01
     162  6.4800E+03  1.5965E-07 -1.7857E-05    1.4471E-08  1.4322E-07  1.9520E-09    1.0751E+00  5.7059E+01  5.2655E-01    5.86662E+01
     163  6.5200E+03  1.5943E-07 -1.6864E-05    1.4466E-08  1.4302E-07  1.9481E-09    1.0752E+00  5.7059E+01  5.2668E-01    5.86664E+01
     164  6.5600E+03  1.5921E-07 -1.7572E-05    1.4459E-08  1.4280E-07  1.9442E-09    1.0753E+00  5.7059E+01  5.2680E-01    5.86666E+01
     165  6.6000E+03  1.5900E-07 -1.6649E-05    1.4454E-08  1.4260E-07  1.9403E-09    1.0755E+00  5.7059E+01  5.2692E-01    5.86669E+01
     166  6.6400E+03  1.5878E-07 -1.7292E-05    1.4447E-08  1.4239E-07  1.9365E-09    1.0756E+00  5.7059E+01  5.2704E-01    5.86671E+01
     167  6.6800E+03  1.5857E-07 -1.6435E-05    1.4442E-08  1.4219E-07  1.9327E-09    1.0757E+00  5.7059E+01  5.2715E-01    5.86673E+01
     168  6.7200E+03  1.5835E-07 -1.7014E-05    1.4435E-08  1.4199E-07  1.9289E-09    1.0758E+00  5.7059E+01  5.2726E-01    5.86675E+01
     169  6.7600E+03  1.5815E-07 -1.6219E-05    1.4429E-08  1.4179E-07  1.9252E-09    1.0759E+00  5.7059E+01  5.2737E-01    5.86677E+01
     170  6.8000E+03  1.5793E-07 -1.6741E-05    1.4422E-08  1.4159E-07  1.9214E-09    1.0760E+00  5.7059E+01  5.2747E-01    5.86679E+01
     171  6.8400E+03  1.5773E-07 -1.6002E-05    1.4416E-08  1.4140E-07  1.9178E-09    1.0761E+00  5.7059E+01  5.2756E-01    5.86681E+01
     172  6.8800E+03  1.5752E-07 -1.6471E-05    1.4409E-08  1.4120E-07  1.9141E-09    1.0762E+00  5.7059E+01  5.2766E-01    5.86682E+01
     173  6.9200E+03  1.5733E-07 -1.5785E-05    1.4402E-08  1.4101E-07  1.9105E-09    1.0763E+00  5.7059E+01  5.2775E-01    5.86684E+01
     174  6.9600E+03  1.5712E-07 -1.6204E-05    1.4395E-08  1.4082E-07  1.9068E-09    1.0764E+00  5.7059E+01  5.2784E-01    5.86686E+01
     175  7.0000E+03  1.5693E-07 -1.5566E-05    1.4389E-08  1.4063E-07  1.9033E-09    1.0765E+00  5.7059E+01  5.2792E-01    5.86688E+01
     176  7.0400E+03  1.5673E-07 -1.5941E-05    1.4381E-08  1.4045E-07  1.8997E-09    1.0766E+00  5.7059E+01  5.2800E-01    5.86690E+01
     177  7.0800E+03  1.5653E-07 -1.5349E-05    1.4374E-08  1.4026E-07  1.8962E-09    1.0767E+00  5.7059E+01  5.2808E-01    5.86691E+01
     178  7.1200E+03  1.5634E-07 -1.5682E-05    1.4367E-08  1.4008E-07  1.8927E-09    1.0768E+00  5.7059E+01  5.2815E-01    5.86693E+01
     179  7.1600E+03  1.5615E-07 -1.5129E-05    1.4360E-08  1.3990E-07  1.8892E-09    1.0769E+00  5.7059E+01  5.2822E-01    5.86695E+01
     180  7.2000E+03  1.5596E-07 -1.5427E-05    1.4352E-08  1.3972E-07  1.8858E-09    1.0770E+00  5.7059E+01  5.2829E-01    5.86696E+01
     181  7.2400E+03  1.5577E-07 -1.4908E-05    1.4345E-08  1.3954E-07  1.8824E-09    1.0771E+00  5.7059E+01  5.2835E-01    5.86698E+01
     182  7.2800E+03  1.5558E-07 -1.5174E-05    1.4338E-08  1.3936E-07  1.8790E-09    1.0772E+00  5.7059E+01  5.2841E-01    5.86699E+01
     183  7.3200E+03  1.5540E-07 -1.4689E-05    1.4330E-08  1.3919E-07  1.8756E-09    1.0773E+00  5.7059E+01  5.2847E-01    5.86701E+01
     184  7.3600E+03  1.5521E-07 -1.4924E-05    1.4323E-08  1.3902E-07  1.8723E-09    1.0774E+00  5.7059E+01  5.2853E-01    5.86702E+01
     185  7.4000E+03  1.5503E-07 -1.4471E-05    1.4315E-08  1.3885E-07  1.8690E-09    1.0775E+00  5.7059E+01  5.2858E-01    5.86704E+01
     186  7.4400E+03  1.5485E-07 -1.4676E-05    1.4307E-08  1.3868E-07  1.8657E-09    1.0776E+00  5.7059E+01  5.2862E-01    5.86705E+01
     187  7.4800E+03  1.5467E-07 -1.4252E-05    1.4300E-08  1.3851E-07  1.8625E-09    1.0776E+00  5.7059E+01  5.2867E-01    5.86706E+01
     188  7.5200E+03  1.5450E-07 -1.4430E-05    1.4292E-08  1.3835E-07  1.8593E-09    1.0777E+00  5.7059E+01  5.2871E-01    5.86708E+01
     189  7.5600E+03  1.5432E-07 -1.4035E-05    1.4284E-08  1.3818E-07  1.8561E-09    1.0778E+00  5.7059E+01  5.2875E-01    5.86709E+01
     190  7.6000E+03  1.5415E-07 -1.4189E-05    1.4276E-08  1.3802E-07  1.8529E-09    1.0779E+00  5.7059E+01  5.2878E-01    5.86710E+01
     191  7.6400E+03  1.5398E-07 -1.3816E-05    1.4268E-08  1.3786E-07  1.8498E-09    1.0780E+00  5.7059E+01  5.2882E-01    5.86711E+01
     192  7.6800E+03  1.5381E-07 -1.3948E-05    1.4260E-08  1.3770E-07  1.8466E-09    1.0781E+00  5.7059E+01  5.2885E-01    5.86712E+01
     193  7.7200E+03  1.5364E-07 -1.3599E-05    1.4253E-08  1.3754E-07  1.8436E-09    1.0782E+00  5.7059E+01  5.2887E-01    5.86714E+01
     194  7.7600E+03  1.5347E-07 -1.3710E-05    1.4244E-08  1.3739E-07  1.8405E-09    1.0783E+00  5.7059E+01  5.2890E-01    5.86715E+01
     195  7.8000E+03  1.5331E-07 -1.3382E-05    1.4236E-08  1.3723E-07  1.8374E-09    1.0784E+00  5.7059E+01  5.2892E-01    5.86716E+01
     196  7.8400E+03  1.5314E-07 -1.3476E-05    1.4228E-08  1.3708E-07  1.8344E-09    1.0785E+00  5.7059E+01  5.2894E-01    5.86717E+01
     197  7.8800E+03  1.5298E-07 -1.3165E-05    1.4220E-08  1.3693E-07  1.8314E-09    1.0786E+00  5.7059E+01  5.2895E-01    5.86718E+01
     198  7.9200E+03  1.5282E-07 -1.3243E-05    1.4212E-08  1.3678E-07  1.8285E-09    1.0787E+00  5.7059E+01  5.2896E-01    5.86719E+01
     199  7.9600E+03  1.5266E-07 -1.2949E-05    1.4204E-08  1.3663E-07  1.8255E-09    1.0788E+00  5.7059E+01  5.2897E-01    5.86720E+01
     200  8.0000E+03  1.5250E-07 -1.3013E-05    1.4196E-08  1.3648E-07  1.8226E-09    1.0789E+00  5.7059E+01  5.2898E-01    5.86721E+01
     201  8.0400E+03  1.5235E-07 -1.2734E-05    1.4187E-08  1.3634E-07  1.8197E-09    1.0790E+00  5.7059E+01  5.2899E-01    5.86722E+01
     202  8.0800E+03  1.5219E-07 -1.2784E-05    1.4179E-08  1.3619E-07  1.8169E-09    1.0791E+00  5.7059E+01  5.2899E-01    5.86723E+01
     203  8.1200E+03  1.5204E-07 -1.2521E-05    1.4171E-08  1.3605E-07  1.8140E-09    1.0792E+00  5.7059E+01  5.2899E-01    5.86723E+01
     204  8.1600E+03  1.5188E-07 -1.2558E-05    1.4163E-08  1.3591E-07  1.8112E-09    1.0793E+00  5.7059E+01  5.2898E-01    5.86724E+01
     205  8.2000E+03  1.5174E-07 -1.2308E-05    1.4154E-08  1.3577E-07  1.8084E-09    1.0794E+00  5.7059E+01  5.2898E-01    5.86725E+01
     206  8.2400E+03  1.5159E-07 -1.2333E-05    1.4146E-08  1.3563E-07  1.8056E-09    1.0794E+00  5.7059E+01  5.2897E-01    5.86726E+01
     207  8.2800E+03  1.5144E-07 -1.2095E-05    1.4138E-08  1.3550E-07  1.8029E-09    1.0795E+00  5.7059E+01  5.2896E-01    5.86726E+01
     208  8.3200E+03  1.5129E-07 -1.2111E-05    1.4129E-08  1.3536E-07  1.8002E-09    1.0796E+00  5.7059E+01  5.2894E-01    5.86727E+01
     209  8.3600E+03  1.5115E-07 -1.1884E-05    1.4121E-08  1.3523E-07  1.7975E-09    1.0797E+00  5.7059E+01  5.2893E-01    5.86728E+01
     210  8.4000E+03  1.5100E-07 -1.1889E-05    1.4112E-08  1.3510E-07  1.7948E-09    1.0798E+00  5.7059E+01  5.2891E-01    5.86728E+01
     211  8.4400E+03  1.5086E-07 -1.1675E-05    1.4104E-08  1.3497E-07  1.7922E-09    1.0799E+00  5.7059E+01  5.2889E-01    5.86729E+01
     212  8.4800E+03  1.5072E-07 -1.1670E-05    1.4096E-08  1.3484E-07  1.7895E-09    1.0800E+00  5.7059E+01  5.2886E-01    5.86730E+01
     213  8.5200E+03  1.5058E-07 -1.1466E-05    1.4087E-08  1.3471E-07  1.7869E-09    1.0801E+00  5.7059E+01  5.2884E-01    5.86730E+01
     214  8.5600E+03  1.5045E-07 -1.1454E-05    1.4079E-08  1.3458E-07  1.7843E-09    1.0802E+00  5.7059E+01  5.2881E-01    5.86731E+01
     215  8.6000E+03  1.5031E-07 -1.1258E-05    1.4070E-08  1.3446E-07  1.7818E-09    1.0803E+00  5.7059E+01  5.2878E-01    5.86731E+01
     216  8.6400E+03  1.5018E-07 -1.1238E-05    1.4062E-08  1.3434E-07  1.7793E-09    1.0804E+00  5.7059E+01  5.2875E-01    5.86732E+01
     217  8.6800E+03  1.5004E-07 -1.1051E-05    1.4054E-08  1.3421E-07  1.7767E-09    1.0804E+00  5.7059E+01  5.2871E-01    5.86732E+01
     218  8.7200E+03  1.4991E-07 -1.1025E-05    1.4045E-08  1.3409E-07  1.7743E-09    1.0805E+00  5.7059E+01  5.2867E-01    5.86733E+01
     219  8.7600E+03  1.4978E-07 -1.0845E-05    1.4037E-08  1.3397E-07  1.7718E-09    1.0806E+00  5.7059E+01  5.2863E-01    5.86733E+01
     220  8.8000E+03  1.4965E-07 -1.0814E-05    1.4028E-08  1.3385E-07  1.7693E-09    1.0807E+00  5.7059E+01  5.2859E-01    5.86734E+01
     221  8.8400E+03  1.4952E-07 -1.0641E-05    1.4020E-08  1.3374E-07  1.7669E-09    1.0808E+00  5.7059E+01  5.2855E-01    5.86734E+01
     222  8.8800E+03  1.4940E-07 -1.0604E-05    1.4012E-08  1.3362E-07  1.7645E-09    1.0809E+00  5.7059E+01  5.2850E-01    5.86734E+01
     223  8.9200E+03  1.4927E-07 -1.0438E-05    1.4003E-08  1.3351E-07  1.7621E-09    1.0810E+00  5.7059E+01  5.2845E-01    5.86735E+01
     224  8.9600E+03  1.4915E-07 -1.0395E-05    1.3995E-08  1.3339E-07  1.7598E-09    1.0811E+00  5.7059E+01  5.2840E-01    5.86735E+01
     225  9.0000E+03  1.4903E-07 -1.0236E-05    1.3986E-08  1.3328E-07  1.7574E-09    1.0811E+00  5.7059E+01  5.2835E-01    5.86735E+01
     226  9.0400E+03  1.4891E-07 -1.0189E-05    1.3978E-08  1.3317E-07  1.7551E-09    1.0812E+00  5.7059E+01  5.2830E-01    5.86735E+01
     227  9.0800E+03  1.4879E-07 -1.0035E-05    1.3970E-08  1.3306E-07  1.7528E-09    1.0813E+00  5.7059E+01  5.2824E-01    5.86736E+01
     228  9.1200E+03  1.4867E-07 -9.9829E-06    1.3961E-08  1.3296E-07  1.7506E-09    1.0814E+00  5.7059E+01  5.2818E-01    5.86736E+01
     229  9.1600E+03  1.4855E-07 -9.8361E-06    1.3953E-08  1.3285E-07  1.7483E-09    1.0815E+00  5.7059E+01  5.2812E-01    5.86736E+01
     230  9.2000E+03  1.4843E-07 -9.7789E-06    1.3945E-08  1.3274E-07  1.7461E-09    1.0816E+00  5.7059E+01  5.2806E-01    5.86736E+01
     231  9.2400E+03  1.4832E-07 -9.6380E-06    1.3936E-08  1.3264E-07  1.7439E-09    1.0817E+00  5.7059E+01  5.2800E-01    5.86736E+01
     232  9.2800E+03  1.4821E-07 -9.5776E-06    1.3928E-08  1.3254E-07  1.7417E-09    1.0817E+00  5.7059E+01  5.2793E-01    5.86736E+01
     233  9.3200E+03  1.4809E-07 -9.4391E-06    1.3920E-08  1.3243E-07  1.7395E-09    1.0818E+00  5.7059E+01  5.2786E-01    5.86737E+01
     234  9.3600E+03  1.4798E-07 -9.3789E-06    1.3912E-08  1.3233E-07  1.7374E-09    1.0819E+00  5.7059E+01  5.2779E-01    5.86737E+01
     235  9.4000E+03  1.4787E-07 -9.2425E-06    1.3903E-08  1.3224E-07  1.7353E-09    1.0820E+00  5.7059E+01  5.2772E-01    5.86737E+01
     236  9.4400E+03  1.4777E-07 -9.1801E-06    1.3895E-08  1.3214E-07  1.7332E-09    1.0821E+00  5.7059E+01  5.2765E-01    5.86737E+01
     237  9.4800E+03  1.4766E-07 -9.0477E-06    1.3887E-08  1.3204E-07  1.7311E-09    1.0822E+00  5.7059E+01  5.2757E-01    5.86737E+01
     238  9.5200E+03  1.4755E-07 -8.9825E-06    1.3879E-08  1.3194E-07  1.7290E-09    1.0822E+00  5.7059E+01  5.2750E-01    5.86737E+01
     239  9.5600E+03  1.4745E-07 -8.8543E-06    1.3871E-08  1.3185E-07  1.7270E-09    1.0823E+00  5.7059E+01  5.2742E-01    5.86737E+01
     240  9.6000E+03  1.4734E-07 -8.7864E-06    1.3863E-08  1.3176E-07  1.7249E-09    1.0824E+00  5.7059E+01  5.2734E-01    5.86737E+01
     241  9.6400E+03  1.4724E-07 -8.6615E-06    1.3854E-08  1.3166E-07  1.7229E-09    1.0825E+00  5.7059E+01  5.2725E-01    5.86737E+01
     242  9.6800E+03  1.4714E-07 -8.5926E-06    1.3846E-08  1.3157E-07  1.7210E-09    1.0826E+00  5.7059E+01  5.2717E-01    5.86736E+01
     243  9.7200E+03  1.4704E-07 -8.4700E-06    1.3838E-08  1.3148E-07  1.7190E-09    1.0827E+00  5.7059E+01  5.2709E-01    5.86736E+01
     244  9.7600E+03  1.4694E-07 -8.3989E-06    1.3830E-08  1.3140E-07  1.7171E-09    1.0827E+00  5.7059E+01  5.2700E-01    5.86736E+01
     245  9.8000E+03  1.4685E-07 -8.2811E-06    1.3822E-08  1.3131E-07  1.7151E-09    1.0828E+00  5.7059E+01  5.2691E-01    5.86736E+01
     246  9.8400E+03  1.4675E-07 -8.2070E-06    1.3814E-08  1.3122E-07  1.7132E-09    1.0829E+00  5.7059E+01  5.2682E-01    5.86736E+01
     247  9.8800E+03  1.4665E-07 -8.0917E-06    1.3806E-08  1.3114E-07  1.7113E-09    1.0830E+00  5.7059E+01  5.2673E-01    5.86736E+01
     248  9.9200E+03  1.4656E-07 -8.0171E-06    1.3799E-08  1.3105E-07  1.7095E-09    1.0831E+00  5.7059E+01  5.2664E-01    5.86736E+01
     249  9.9600E+03  1.4647E-07 -7.9036E-06    1.3791E-08  1.3097E-07  1.7076E-09    1.0831E+00  5.7059E+01  5.2654E-01    5.86735E+01
     250  1.0000E+04  1.4638E-07 -7.8287E-06    1.3783E-08  1.3089E-07  1.7058E-09    1.0832E+00  5.7059E+01  5.2645E-01    5.86735E+01
     251  1.0040E+04  1.4629E-07 -7.7165E-06    1.3775E-08  1.3081E-07  1.7040E-09    1.0833E+00  5.7059E+01  5.2635E-01    5.86735E+01
     252  1.0080E+04  1.4620E-07 -7.6411E-06    1.3767E-08  1.3073E-07  1.7022E-09    1.0834E+00  5.7059E+01  5.2625E-01    5.86735E+01
     253  1.0120E+04  1.4611E-07 -7.5315E-06    1.3760E-08  1.3065E-07  1.7004E-09    1.0835E+00  5.7059E+01  5.2615E-01    5.86734E+01
     254  1.0160E+04  1.4602E-07 -7.4546E-06    1.3752E-08  1.3057E-07  1.6987E-09    1.0835E+00  5.7059E+01  5.2605E-01    5.86734E+01
     255  1.0200E+04  1.4593E-07 -7.3464E-06    1.3744E-08  1.3049E-07  1.6969E-09    1.0836E+00  5.7059E+01  5.2595E-01    5.86734E+01
     256  1.0240E+04  1.4585E-07 -7.2698E-06    1.3737E-08  1.3042E-07  1.6952E-09    1.0837E+00  5.7059E+01  5.2584E-01    5.86733E+01
     257  1.0280E+04  1.4577E-07 -7.1638E-06    1.3729E-08  1.3034E-07  1.6935E-09    1.0838E+00  5.7059E+01  5.2574E-01    5.86733E+01
     258  1.0320E+04  1.4568E-07 -7.0857E-06    1.3721E-08  1.3027E-07  1.6919E-09    1.0838E+00  5.7059E+01  5.2563E-01    5.86733E+01
     259  1.0360E+04  1.4560E-07 -6.9818E-06    1.3714E-08  1.3020E-07  1.6902E-09    1.0839E+00  5.7059E+01  5.2552E-01    5.86732E+01
     260  1.0400E+04  1.4552E-07 -6.9028E-06    1.3706E-08  1.3013E-07  1.6886E-09    1.0840E+00  5.7059E+01  5.2541E-01    5.86732E+01
     261  1.0440E+04  1.4544E-07 -6.8007E-06    1.3699E-08  1.3006E-07  1.6869E-09    1.0841E+00  5.7059E+01  5.2530E-01    5.86732E+01
     262  1.0480E+04  1.4536E-07 -6.7222E-06    1.3692E-08  1.2999E-07  1.6853E-09    1.0841E+00  5.7059E+01  5.2519E-01    5.86731E+01
     263  1.0520E+04  1.4529E-07 -6.6201E-06    1.3684E-08  1.2992E-07  1.6837E-09    1.0842E+00  5.7059E+01  5.2508E-01    5.86731E+01
     264  1.0560E+04  1.4521E-07 -6.5423E-06    1.3677E-08  1.2985E-07  1.6822E-09    1.0843E+00  5.7059E+01  5.2496E-01    5.86730E+01
     265  1.0600E+04  1.4514E-07 -6.4412E-06    1.3670E-08  1.2979E-07  1.6806E-09    1.0844E+00  5.7059E+01  5.2485E-01    5.86730E+01
     266  1.0640E+04  1.4506E-07 -6.3631E-06    1.3662E-08  1.2972E-07  1.6791E-09    1.0844E+00  5.7059E+01  5.2473E-01    5.86729E+01
     267  1.0680E+04  1.4499E-07 -6.2634E-06    1.3655E-08  1.2966E-07  1.6776E-09    1.0845E+00  5.7059E+01  5.2461E-01    5.86729E+01
     268  1.0720E+04  1.4492E-07 -6.1849E-06    1.3648E-08  1.2959E-07  1.6761E-09    1.0846E+00  5.7059E+01  5.2449E-01    5.86728E+01
     269  1.0760E+04  1.4485E-07 -6.0871E-06    1.3641E-08  1.2953E-07  1.6746E-09    1.0847E+00  5.7059E+01  5.2437E-01    5.86728E+01
     270  1.0800E+04  1.4478E-07 -6.0075E-06    1.3634E-08  1.2947E-07  1.6731E-09    1.0847E+00  5.7059E+01  5.2425E-01    5.86727E+01
     271  1.0840E+04  1.4471E-07 -5.9119E-06    1.3627E-08  1.2941E-07  1.6717E-09    1.0848E+00  5.7059E+01  5.2413E-01    5.86727E+01
     272  1.0880E+04  1.4464E-07 -5.8311E-06    1.3620E-08  1.2935E-07  1.6703E-09    1.0849E+00  5.7059E+01  5.2401E-01    5.86726E+01
     273  1.0920E+04  1.4458E-07 -5.7380E-06    1.3613E-08  1.2929E-07  1.6689E-09    1.0850E+00  5.7059E+01  5.2388E-01    5.86726E+01
     274  1.0960E+04  1.4451E-07 -5.6552E-06    1.3606E-08  1.2924E-07  1.6675E-09    1.0850E+00  5.7059E+01  5.2376E-01    5.86725E+01
     275  1.1000E+04  1.4445E-07 -5.5648E-06    1.3599E-08  1.2918E-07  1.6661E-09    1.0851E+00  5.7059E+01  5.2363E-01    5.86725E+01
     276  1.1040E+04  1.4438E-07 -5.4817E-06    1.3592E-08  1.2913E-07  1.6647E-09    1.0852E+00  5.7059E+01  5.2351E-01    5.86724E+01
     277  1.1080E+04  1.4432E-07 -5.3915E-06    1.3586E-08  1.2907E-07  1.6634E-09    1.0853E+00  5.7059E+01  5.2338E-01    5.86723E+01
     278  1.1120E+04  1.4426E-07 -5.3094E-06    1.3579E-08  1.2902E-07  1.6621E-09    1.0853E+00  5.7059E+01  5.2325E-01    5.86723E+01
     279  1.1160E+04  1.4420E-07 -5.2195E-06    1.3572E-08  1.2897E-07  1.6608E-09    1.0854E+00  5.7059E+01  5.2312E-01    5.86722E+01
     280  1.1200E+04  1.4414E-07 -5.1375E-06    1.3566E-08  1.2891E-07  1.6595E-09    1.0855E+00  5.7059E+01  5.2299E-01    5.86721E+01
     281  1.1240E+04  1.4408E-07 -5.0486E-06    1.3559E-08  1.2886E-07  1.6582E-09    1.0855E+00  5.7059E+01  5.2286E-01    5.86721E+01
     282  1.1280E+04  1.4402E-07 -4.9673E-06    1.3553E-08  1.2881E-07  1.6569E-09    1.0856E+00  5.7059E+01  5.2273E-01    5.86720E+01
     283  1.1320E+04  1.4397E-07 -4.8777E-06    1.3546E-08  1.2877E-07  1.6557E-09    1.0857E+00  5.7059E+01  5.2259E-01    5.86719E+01
     284  1.1360E+04  1.4391E-07 -4.7974E-06    1.3540E-08  1.2872E-07  1.6545E-09    1.0857E+00  5.7059E+01  5.2246E-01    5.86719E+01
     285  1.1400E+04  1.4386E-07 -4.7092E-06    1.3534E-08  1.2867E-07  1.6533E-09    1.0858E+00  5.7059E+01  5.2233E-01    5.86718E+01
     286  1.1440E+04  1.4381E-07 -4.6281E-06    1.3527E-08  1.2863E-07  1.6521E-09    1.0859E+00  5.7059E+01  5.2219E-01    5.86717E+01
     287  1.1480E+04  1.4375E-07 -4.5408E-06    1.3521E-08  1.2858E-07  1.6509E-09    1.0860E+00  5.7059E+01  5.2206E-01    5.86717E+01
     288  1.1520E+04  1.4370E-07 -4.4599E-06    1.3515E-08  1.2854E-07  1.6497E-09    1.0860E+00  5.7059E+01  5.2192E-01    5.86716E+01
     289  1.1560E+04  1.4365E-07 -4.3733E-06    1.3509E-08  1.2849E-07  1.6486E-09    1.0861E+00  5.7059E+01  5.2178E-01    5.86715E+01
     290  1.1600E+04  1.4360E-07 -4.2927E-06    1.3503E-08  1.2845E-07  1.6475E-09    1.0862E+00  5.7059E+01  5.2164E-01    5.86715E+01
     291  1.1640E+04  1.4355E-07 -4.2071E-06    1.3497E-08  1.2841E-07  1.6464E-09    1.0862E+00  5.7059E+01  5.2151E-01    5.86714E+01
     292  1.1680E+04  1.4351E-07 -4.1256E-06    1.3491E-08  1.2837E-07  1.6453E-09    1.0863E+00  5.7059E+01  5.2137E-01    5.86713E+01
     293  1.1720E+04  1.4346E-07 -4.0421E-06    1.3485E-08  1.2833E-07  1.6442E-09    1.0864E+00  5.7059E+01  5.2123E-01    5.86712E+01
     294  1.1760E+04  1.4341E-07 -3.9599E-06    1.3479E-08  1.2829E-07  1.6431E-09    1.0864E+00  5.7059E+01  5.2109E-01    5.86711E+01
     295  1.1800E+04  1.4337E-07 -3.8771E-06    1.3473E-08  1.2826E-07  1.6421E-09    1.0865E+00  5.7059E+01  5.2095E-01    5.86711E+01
     296  1.1840E+04  1.4333E-07 -3.7949E-06    1.3467E-08  1.2822E-07  1.6411E-09    1.0866E+00  5.7059E+01  5.2081E-01    5.86710E+01
     297  1.1880E+04  1.4328E-07 -3.7124E-06    1.3462E-08  1.2818E-07  1.6400E-09    1.0866E+00  5.7059E+01  5.2066E-01    5.86709E+01
     298  1.1920E+04  1.4324E-07 -3.6316E-06    1.3456E-08  1.2815E-07  1.6391E-09    1.0867E+00  5.7059E+01  5.2052E-01    5.86708E+01
     299  1.1960E+04  1.4320E-07 -3.5487E-06    1.3450E-08  1.2811E-07  1.6381E-09    1.0868E+00  5.7059E+01  5.2038E-01    5.86707E+01
     300  1.2000E+04  1.4316E-07 -3.4683E-06    1.3445E-08  1.2808E-07  1.6371E-09    1.0868E+00  5.7059E+01  5.2023E-01    5.86707E+01
     301  1.2040E+04  1.4312E-07 -3.3861E-06    1.3439E-08  1.2805E-07  1.6362E-09    1.0869E+00  5.7059E+01  5.2009E-01    5.86706E+01
     302  1.2080E+04  1.4309E-07 -3.3063E-06    1.3434E-08  1.2802E-07  1.6352E-09    1.0870E+00  5.7059E+01  5.1995E-01    5.86705E+01
     303  1.2120E+04  1.4305E-07 -3.2247E-06    1.3429E-08  1.2799E-07  1.6343E-09    1.0870E+00  5.7059E+01  5.1980E-01    5.86704E+01
     304  1.2160E+04  1.4301E-07 -3.1442E-06    1.3423E-08  1.2796E-07  1.6334E-09    1.0871E+00  5.7059E+01  5.1966E-01    5.86703E+01
     305  1.2200E+04  1.4298E-07 -3.0632E-06    1.3418E-08  1.2793E-07  1.6325E-09    1.0871E+00  5.7059E+01  5.1951E-01    5.86702E+01
     306  1.2240E+04  1.4294E-07 -2.9834E-06    1.3413E-08  1.2790E-07  1.6317E-09    1.0872E+00  5.7059E+01  5.1936E-01    5.86702E+01
     307  1.2280E+04  1.4291E-07 -2.9022E-06    1.3408E-08  1.2787E-07  1.6308E-09    1.0873E+00  5.7059E+01  5.1922E-01    5.86701E+01
     308  1.2320E+04  1.4288E-07 -2.8228E-06    1.3403E-08  1.2785E-07  1.6300E-09    1.0873E+00  5.7059E+01  5.1907E-01    5.86700E+01
     309  1.2360E+04  1.4285E-07 -2.7426E-06    1.3398E-08  1.2782E-07  1.6291E-09    1.0874E+00  5.7059E+01  5.1892E-01    5.86699E+01
     310  1.2400E+04  1.4282E-07 -2.6626E-06    1.3393E-08  1.2780E-07  1.6283E-09    1.0875E+00  5.7059E+01  5.1878E-01    5.86698E+01
     311  1.2440E+04  1.4279E-07 -2.5830E-06    1.3388E-08  1.2777E-07  1.6275E-09    1.0875E+00  5.7059E+01  5.1863E-01    5.86697E+01
     312  1.2480E+04  1.4276E-07 -2.5041E-06    1.3383E-08  1.2775E-07  1.6268E-09    1.0876E+00  5.7059E+01  5.1848E-01    5.86696E+01
     313  1.2520E+04  1.4273E-07 -2.4238E-06    1.3378E-08  1.2773E-07  1.6260E-09    1.0876E+00  5.7059E+01  5.1833E-01    5.86695E+01
     314  1.2560E+04  1.4270E-07 -2.3452E-06    1.3374E-08  1.2771E-07  1.6253E-09    1.0877E+00  5.7059E+01  5.1818E-01    5.86695E+01
     315  1.2600E+04  1.4268E-07 -2.2661E-06    1.3369E-08  1.2768E-07  1.6245E-09    1.0878E+00  5.7059E+01  5.1803E-01    5.86694E+01
     316  1.2640E+04  1.4265E-07 -2.1872E-06    1.3364E-08  1.2766E-07  1.6238E-09    1.0878E+00  5.7059E+01  5.1788E-01    5.86693E+01
     317  1.2680E+04  1.4263E-07 -2.1083E-06    1.3360E-08  1.2765E-07  1.6231E-09    1.0879E+00  5.7059E+01  5.1773E-01    5.86692E+01
     318  1.2720E+04  1.4261E-07 -2.0302E-06    1.3356E-08  1.2763E-07  1.6224E-09    1.0880E+00  5.7059E+01  5.1759E-01    5.86691E+01
     319  1.2760E+04  1.4258E-07 -1.9506E-06    1.3351E-08  1.2761E-07  1.6217E-09    1.0880E+00  5.7059E+01  5.1744E-01    5.86690E+01
     320  1.2800E+04  1.4256E-07 -1.8739E-06    1.3347E-08  1.2759E-07  1.6211E-09    1.0881E+00  5.7059E+01  5.1729E-01    5.86689E+01
     321  1.2840E+04  1.4254E-07 -1.7941E-06    1.3343E-08  1.2758E-07  1.6205E-09    1.0881E+00  5.7059E+01  5.1714E-01    5.86688E+01
     322  1.2880E+04  1.4252E-07 -1.7177E-06    1.3338E-08  1.2756E-07  1.6198E-09    1.0882E+00  5.7059E+01  5.1698E-01    5.86687E+01
     323  1.2920E+04  1.4250E-07 -1.6380E-06    1.3334E-08  1.2755E-07  1.6192E-09    1.0882E+00  5.7059E+01  5.1683E-01    5.86686E+01
     324  1.2960E+04  1.4249E-07 -1.5614E-06    1.3330E-08  1.2754E-07  1.6186E-09    1.0883E+00  5.7059E+01  5.1668E-01    5.86685E+01
     325  1.3000E+04  1.4247E-07 -1.4831E-06    1.3326E-08  1.2752E-07  1.6181E-09    1.0884E+00  5.7059E+01  5.1653E-01    5.86684E+01
     326  1.3040E+04  1.4245E-07 -1.4059E-06    1.3322E-08  1.2751E-07  1.6175E-09    1.0884E+00  5.7059E+01  5.1638E-01    5.86683E+01
     327  1.3080E+04  1.4244E-07 -1.3278E-06    1.3318E-08  1.2750E-07  1.6169E-09    1.0885E+00  5.7059E+01  5.1623E-01    5.86682E+01
     328  1.3120E+04  1.4242E-07 -1.2513E-06    1.3314E-08  1.2749E-07  1.6164E-09    1.0885E+00  5.7059E+01  5.1608E-01    5.86682E+01
     329  1.3160E+04  1.4241E-07 -1.1738E-06    1.3311E-08  1.2748E-07  1.6159E-09    1.0886E+00  5.7059E+01  5.1593E-01    5.86681E+01
     330  1.3200E+04  1.4240E-07 -1.0970E-06    1.3307E-08  1.2748E-07  1.6154E-09    1.0887E+00  5.7059E+01  5.1578E-01    5.86680E+01
     331  1.3240E+04  1.4239E-07 -1.0196E-06    1.3303E-08  1.2747E-07  1.6149E-09    1.0887E+00  5.7059E+01  5.1563E-01    5.86679E+01
     332  1.3280E+04  1.4238E-07 -9.4369E-07    1.3300E-08  1.2746E-07  1.6144E-09    1.0888E+00  5.7059E+01  5.1548E-01    5.86678E+01
     333  1.3320E+04  1.4237E-07 -8.6624E-07    1.3296E-08  1.2745E-07  1.6140E-09    1.0888E+00  5.7059E+01  5.1533E-01    5.86677E+01
     334  1.3360E+04  1.4236E-07 -7.8949E-07    1.3293E-08  1.2745E-07  1.6135E-09    1.0889E+00  5.7059E+01  5.1518E-01    5.86676E+01
     335  1.3400E+04  1.4235E-07 -7.1417E-07    1.3290E-08  1.2745E-07  1.6131E-09    1.0889E+00  5.7059E+01  5.1503E-01    5.86675E+01
     336  1.3440E+04  1.4234E-07 -6.3627E-07    1.3286E-08  1.2744E-07  1.6127E-09    1.0890E+00  5.7059E+01  5.1488E-01    5.86674E+01
     337  1.3480E+04  1.4233E-07 -5.6110E-07    1.3283E-08  1.2744E-07  1.6123E-09    1.0890E+00  5.7059E+01  5.1472E-01    5.86673E+01
     338  1.3520E+04  1.4233E-07 -4.8434E-07    1.3280E-08  1.2744E-07  1.6119E-09    1.0891E+00  5.7059E+01  5.1457E-01    5.86672E+01
     339  1.3560E+04  1.4232E-07 -4.0888E-07    1.3277E-08  1.2744E-07  1.6115E-09    1.0892E+00  5.7059E+01  5.1442E-01    5.86671E+01
     340  1.3600E+04  1.4232E-07 -3.3234E-07    1.3274E-08  1.2744E-07  1.6112E-09    1.0892E+00  5.7059E+01  5.1427E-01    5.86670E+01
     341  1.3640E+04  1.4232E-07 -2.5703E-07    1.3271E-08  1.2744E-07  1.6108E-09    1.0893E+00  5.7059E+01  5.1412E-01    5.86669E+01
     342  1.3680E+04  1.4232E-07 -1.8117E-07    1.3268E-08  1.2744E-07  1.6105E-09    1.0893E+00  5.7059E+01  5.1397E-01    5.86668E+01
     343  1.3720E+04  1.4231E-07 -1.0607E-07    1.3265E-08  1.2744E-07  1.6102E-09    1.0894E+00  5.7059E+01  5.1382E-01    5.86667E+01
     344  1.3760E+04  1.4231E-07 -2.9410E-08    1.3262E-08  1.2744E-07  1.6099E-09    1.0894E+00  5.7059E+01  5.1367E-01    5.86666E+01
     345  1.3800E+04  1.4231E-07  4.4614E-08    1.3260E-08  1.2745E-07  1.6096E-09    1.0895E+00  5.7059E+01  5.1353E-01    5.86665E+01
     346  1.3840E+04  1.4232E-07  1.2135E-07    1.3257E-08  1.2745E-07  1.6094E-09    1.0895E+00  5.7059E+01  5.1338E-01    5.86664E+01
     347  1.3880E+04  1.4232E-07  1.9510E-07    1.3255E-08  1.2745E-07  1.6091E-09    1.0896E+00  5.7059E+01  5.1323E-01    5.86663E+01
     348  1.3920E+04  1.4232E-07  2.7184E-07    1.3252E-08  1.2746E-07  1.6089E-09    1.0896E+00  5.7059E+01  5.1308E-01    5.86662E+01
     349  1.3960E+04  1.4233E-07  3.4474E-07    1.3250E-08  1.2747E-07  1.6087E-09    1.0897E+00  5.7059E+01  5.1293E-01    5.86661E+01
     350  1.4000E+04  1.4233E-07  4.2150E-07    1.3247E-08  1.2747E-07  1.6085E-09    1.0897E+00  5.7059E+01  5.1278E-01    5.86660E+01
     351  1.4040E+04  1.4234E-07  4.9484E-07    1.3245E-08  1.2748E-07  1.6083E-09    1.0898E+00  5.7059E+01  5.1263E-01    5.86659E+01
     352  1.4080E+04  1.4234E-07  5.7103E-07    1.3243E-08  1.2749E-07  1.6081E-09    1.0898E+00  5.7059E+01  5.1249E-01    5.86658E+01
     353  1.4120E+04  1.4235E-07  6.4376E-07    1.3241E-08  1.2750E-07  1.6079E-09    1.0899E+00  5.7059E+01  5.1234E-01    5.86657E+01
     354  1.4160E+04  1.4236E-07  7.1991E-07    1.3239E-08  1.2751E-07  1.6078E-09    1.0899E+00  5.7059E+01  5.1219E-01    5.86656E+01
     355  1.4200E+04  1.4237E-07  7.9277E-07    1.3237E-08  1.2752E-07  1.6076E-09    1.0900E+00  5.7059E+01  5.1205E-01    5.86655E+01
     356  1.4240E+04  1.4238E-07  8.6859E-07    1.3235E-08  1.2753E-07  1.6075E-09    1.0900E+00  5.7059E+01  5.1190E-01    5.86654E+01
     357  1.4280E+04  1.4239E-07  9.4081E-07    1.3233E-08  1.2755E-07  1.6074E-09    1.0901E+00  5.7059E+01  5.1175E-01    5.86653E+01
     358  1.4320E+04  1.4240E-07  1.0173E-06    1.3231E-08  1.2756E-07  1.6073E-09    1.0901E+00  5.7059E+01  5.1161E-01    5.86652E+01
     359  1.4360E+04  1.4241E-07  1.0886E-06    1.3230E-08  1.2757E-07  1.6073E-09    1.0902E+00  5.7059E+01  5.1146E-01    5.86652E+01
     360  1.4400E+04  1.4242E-07  1.1646E-06    1.3228E-08  1.2759E-07  1.6072E-09    1.0902E+00  5.7059E+01  5.1132E-01    5.86651E+01
     361  1.4440E+04  1.4244E-07  1.2372E-06    1.3226E-08  1.2761E-07  1.6072E-09    1.0903E+00  5.7059E+01  5.1117E-01    5.86650E+01
     362  1.4480E+04  1.4245E-07  1.3110E-06    1.3225E-08  1.2762E-07  1.6071E-09    1.0903E+00  5.7059E+01  5.1103E-01    5.86649E+01
     363  1.4520E+04  1.4247E-07  1.3853E-06    1.3223E-08  1.2764E-07  1.6071E-09    1.0904E+00  5.7059E+01  5.1089E-01    5.86648E+01
     364  1.4560E+04  1.4249E-07  1.4573E-06    1.3222E-08  1.2766E-07  1.6071E-09    1.0904E+00  5.7059E+01  5.1074E-01    5.86647E+01
     365  1.4600E+04  1.4250E-07  1.5319E-06    1.3221E-08  1.2768E-07  1.6072E-09    1.0905E+00  5.7059E+01  5.1060E-01    5.86646E+01
     366  1.4640E+04  1.4252E-07  1.6040E-06    1.3220E-08  1.2769E-07  1.6072E-09    1.0905E+00  5.7059E+01  5.1046E-01    5.86645E+01
     367  1.4680E+04  1.4254E-07  1.6782E-06    1.3218E-08  1.2772E-07  1.6072E-09    1.0906E+00  5.7059E+01  5.1032E-01    5.86644E+01
     368  1.4720E+04  1.4256E-07  1.7504E-06    1.3217E-08  1.2774E-07  1.6073E-09    1.0906E+00  5.7059E+01  5.1018E-01    5.86643E+01
     369  1.4760E+04  1.4258E-07  1.8236E-06    1.3216E-08  1.2776E-07  1.6074E-09    1.0907E+00  5.7059E+01  5.1004E-01    5.86642E+01
     370  1.4800E+04  1.4260E-07  1.8961E-06    1.3216E-08  1.2778E-07  1.6075E-09    1.0907E+00  5.7059E+01  5.0990E-01    5.86641E+01
     371  1.4840E+04  1.4263E-07  1.9694E-06    1.3215E-08  1.2780E-07  1.6076E-09    1.0907E+00  5.7059E+01  5.0976E-01    5.86640E+01
     372  1.4880E+04  1.4265E-07  2.0408E-06    1.3214E-08  1.2783E-07  1.6077E-09    1.0908E+00  5.7059E+01  5.0962E-01    5.86639E+01
     373  1.4920E+04  1.4267E-07  2.1142E-06    1.3213E-08  1.2785E-07  1.6078E-09    1.0908E+00  5.7059E+01  5.0948E-01    5.86638E+01
     374  1.4960E+04  1.4270E-07  2.1855E-06    1.3213E-08  1.2788E-07  1.6080E-09    1.0909E+00  5.7059E+01  5.0934E-01    5.86637E+01
     375  1.5000E+04  1.4272E-07  2.2585E-06    1.3212E-08  1.2790E-07  1.6081E-09    1.0909E+00  5.7059E+01  5.0920E-01    5.86636E+01
     376  1.5040E+04  1.4275E-07  2.3300E-06    1.3212E-08  1.2793E-07  1.6083E-09    1.0910E+00  5.7059E+01  5.0907E-01    5.86636E+01
     377  1.5080E+04  1.4278E-07  2.4020E-06    1.3211E-08  1.2796E-07  1.6085E-09    1.0910E+00  5.7059E+01  5.0893E-01    5.86635E+01
     378  1.5120E+04  1.4281E-07  2.4741E-06    1.3211E-08  1.2799E-07  1.6087E-09    1.0911E+00  5.7059E+01  5.0880E-01    5.86634E+01
     379  1.5160E+04  1.4284E-07  2.5450E-06    1.3211E-08  1.2802E-07  1.6089E-09    1.0911E+00  5.7059E+01  5.0866E-01    5.86633E+01
     380  1.5200E+04  1.4287E-07  2.6172E-06    1.3210E-08  1.2805E-07  1.6092E-09    1.0911E+00  5.7059E+01  5.0853E-01    5.86632E+01
     381  1.5240E+04  1.4290E-07  2.6882E-06    1.3210E-08  1.2808E-07  1.6094E-09    1.0912E+00  5.7059E+01  5.0839E-01    5.86631E+01
     382  1.5280E+04  1.4293E-07  2.7589E-06    1.3210E-08  1.2811E-07  1.6097E-09    1.0912E+00  5.7059E+01  5.0826E-01    5.86630E+01
     383  1.5320E+04  1.4296E-07  2.8307E-06    1.3210E-08  1.2814E-07  1.6100E-09    1.0913E+00  5.7059E+01  5.0813E-01    5.86629E+01
     384  1.5360E+04  1.4299E-07  2.9016E-06    1.3210E-08  1.2817E-07  1.6103E-09    1.0913E+00  5.7059E+01  5.0800E-01    5.86628E+01
     385  1.5400E+04  1.4303E-07  2.9720E-06    1.3211E-08  1.2821E-07  1.6106E-09    1.0914E+00  5.7059E+01  5.0787E-01    5.86628E+01
     386  1.5440E+04  1.4306E-07  3.0424E-06    1.3211E-08  1.2824E-07  1.6109E-09    1.0914E+00  5.7059E+01  5.0774E-01    5.86627E+01
     387  1.5480E+04  1.4310E-07  3.1135E-06    1.3211E-08  1.2828E-07  1.6113E-09    1.0914E+00  5.7059E+01  5.0761E-01    5.86626E+01
     388  1.5520E+04  1.4313E-07  3.1832E-06    1.3212E-08  1.2831E-07  1.6116E-09    1.0915E+00  5.7059E+01  5.0748E-01    5.86625E+01
     389  1.5560E+04  1.4317E-07  3.2535E-06    1.3212E-08  1.2835E-07  1.6120E-09    1.0915E+00  5.7059E+01  5.0735E-01    5.86624E+01
     390  1.5600E+04  1.4321E-07  3.3234E-06    1.3213E-08  1.2838E-07  1.6124E-09    1.0916E+00  5.7059E+01  5.0723E-01    5.86623E+01
     391  1.5640E+04  1.4325E-07  3.3930E-06    1.3213E-08  1.2842E-07  1.6128E-09    1.0916E+00  5.7059E+01  5.0710E-01    5.86622E+01
     392  1.5680E+04  1.4329E-07  3.4628E-06    1.3214E-08  1.2846E-07  1.6132E-09    1.0916E+00  5.7059E+01  5.0698E-01    5.86622E+01
     393  1.5720E+04  1.4333E-07  3.5318E-06    1.3215E-08  1.2850E-07  1.6136E-09    1.0917E+00  5.7059E+01  5.0685E-01    5.86621E+01
     394  1.5760E+04  1.4337E-07  3.6019E-06    1.3216E-08  1.2854E-07  1.6141E-09    1.0917E+00  5.7059E+01  5.0673E-01    5.86620E+01
     395  1.5800E+04  1.4341E-07  3.6697E-06    1.3217E-08  1.2858E-07  1.6145E-09    1.0918E+00  5.7059E+01  5.0661E-01    5.86619E+01
     396  1.5840E+04  1.4345E-07  3.7397E-06    1.3218E-08  1.2862E-07  1.6150E-09    1.0918E+00  5.7059E+01  5.0648E-01    5.86618E+01
     397  1.5880E+04  1.4350E-07  3.8073E-06    1.3219E-08  1.2866E-07  1.6155E-09    1.0918E+00  5.7059E+01  5.0636E-01    5.86617E+01
     398  1.5920E+04  1.4354E-07  3.8767E-06    1.3220E-08  1.2871E-07  1.6160E-09    1.0919E+00  5.7059E+01  5.0624E-01    5.86617E+01
     399  1.5960E+04  1.4359E-07  3.9435E-06    1.3221E-08  1.2875E-07  1.6165E-09    1.0919E+00  5.7059E+01  5.0612E-01    5.86616E+01
     400  1.6000E+04  1.4363E-07  4.0128E-06    1.3222E-08  1.2879E-07  1.6171E-09    1.0919E+00  5.7059E+01  5.0600E-01    5.86615E+01
     401  1.6040E+04  1.4368E-07  4.0798E-06    1.3224E-08  1.2884E-07  1.6176E-09    1.0920E+00  5.7059E+01  5.0589E-01    5.86614E+01
     402  1.6080E+04  1.4373E-07  4.1476E-06    1.3225E-08  1.2889E-07  1.6182E-09    1.0920E+00  5.7059E+01  5.0577E-01    5.86614E+01
     403  1.6120E+04  1.4378E-07  4.2149E-06    1.3227E-08  1.2893E-07  1.6187E-09    1.0920E+00  5.7059E+01  5.0566E-01    5.86613E+01
     404  1.6160E+04  1.4383E-07  4.2820E-06    1.3228E-08  1.2898E-07  1.6193E-09    1.0921E+00  5.7059E+01  5.0554E-01    5.86612E+01
     405  1.6200E+04  1.4388E-07  4.3485E-06    1.3230E-08  1.2903E-07  1.6199E-09    1.0921E+00  5.7059E+01  5.0543E-01    5.86611E+01
     406  1.6240E+04  1.4393E-07  4.4156E-06    1.3232E-08  1.2908E-07  1.6206E-09    1.0922E+00  5.7059E+01  5.0531E-01    5.86611E+01
     407  1.6280E+04  1.4398E-07  4.4808E-06    1.3234E-08  1.2912E-07  1.6212E-09    1.0922E+00  5.7059E+01  5.0520E-01    5.86610E+01
     408  1.6320E+04  1.4403E-07  4.5479E-06    1.3236E-08  1.2917E-07  1.6219E-09    1.0922E+00  5.7059E+01  5.0509E-01    5.86609E+01
     409  1.6360E+04  1.4408E-07  4.6129E-06    1.3238E-08  1.2922E-07  1.6225E-09    1.0923E+00  5.7059E+01  5.0498E-01    5.86608E+01
     410  1.6400E+04  1.4414E-07  4.6791E-06    1.3240E-08  1.2928E-07  1.6232E-09    1.0923E+00  5.7059E+01  5.0487E-01    5.86608E+01
     411  1.6440E+04  1.4419E-07  4.7438E-06    1.3242E-08  1.2933E-07  1.6239E-09    1.0923E+00  5.7059E+01  5.0476E-01    5.86607E+01
     412  1.6480E+04  1.4425E-07  4.8088E-06    1.3244E-08  1.2938E-07  1.6246E-09    1.0924E+00  5.7059E+01  5.0466E-01    5.86606E+01
     413  1.6520E+04  1.4430E-07  4.8733E-06    1.3246E-08  1.2943E-07  1.6253E-09    1.0924E+00  5.7059E+01  5.0455E-01    5.86606E+01
     414  1.6560E+04  1.4436E-07  4.9379E-06    1.3249E-08  1.2949E-07  1.6261E-09    1.0924E+00  5.7059E+01  5.0445E-01    5.86605E+01
     415  1.6600E+04  1.4442E-07  5.0012E-06    1.3251E-08  1.2954E-07  1.6268E-09    1.0925E+00  5.7059E+01  5.0434E-01    5.86604E+01
     416  1.6640E+04  1.4448E-07  5.0664E-06    1.3254E-08  1.2960E-07  1.6276E-09    1.0925E+00  5.7059E+01  5.0424E-01    5.86604E+01
     417  1.6680E+04  1.4454E-07  5.1277E-06    1.3256E-08  1.2965E-07  1.6284E-09    1.0925E+00  5.7059E+01  5.0414E-01    5.86603E+01
     418  1.6720E+04  1.4460E-07  5.1923E-06    1.3259E-08  1.2971E-07  1.6292E-09    1.0926E+00  5.7059E+01  5.0404E-01    5.86602E+01
     419  1.6760E+04  1.4466E-07  5.2543E-06    1.3261E-08  1.2977E-07  1.6300E-09    1.0926E+00  5.7059E+01  5.0394E-01    5.86602E+01
     420  1.6800E+04  1.4472E-07  5.3163E-06    1.3264E-08  1.2982E-07  1.6308E-09    1.0926E+00  5.7059E+01  5.0384E-01    5.86601E+01
     421  1.6840E+04  1.4478E-07  5.3785E-06    1.3267E-08  1.2988E-07  1.6317E-09    1.0927E+00  5.7059E+01  5.0374E-01    5.86600E+01
     422  1.6880E+04  1.4485E-07  5.4403E-06    1.3270E-08  1.2994E-07  1.6325E-09    1.0927E+00  5.7059E+01  5.0365E-01    5.86600E+01
     423  1.6920E+04  1.4491E-07  5.5009E-06    1.3273E-08  1.3000E-07  1.6334E-09    1.0927E+00  5.7059E+01  5.0355E-01    5.86599E+01
     424  1.6960E+04  1.4497E-07  5.5622E-06    1.3276E-08  1.3006E-07  1.6343E-09    1.0927E+00  5.7059E+01  5.0346E-01    5.86599E+01
     425  1.7000E+04  1.4504E-07  5.6229E-06    1.3279E-08  1.3012E-07  1.6352E-09    1.0928E+00  5.7059E+01  5.0337E-01    5.86598E+01
     426  1.7040E+04  1.4510E-07  5.6820E-06    1.3283E-08  1.3019E-07  1.6361E-09    1.0928E+00  5.7059E+01  5.0327E-01    5.86597E+01
     427  1.7080E+04  1.4517E-07  5.7428E-06    1.3286E-08  1.3025E-07  1.6370E-09    1.0928E+00  5.7059E+01  5.0318E-01    5.86597E+01
     428  1.7120E+04  1.4524E-07  5.8006E-06    1.3289E-08  1.3031E-07  1.6379E-09    1.0929E+00  5.7059E+01  5.0309E-01    5.86596E+01
     429  1.7160E+04  1.4531E-07  5.8607E-06    1.3293E-08  1.3038E-07  1.6389E-09    1.0929E+00  5.7059E+01  5.0301E-01    5.86596E+01
     430  1.7200E+04  1.4538E-07  5.9180E-06    1.3296E-08  1.3044E-07  1.6399E-09    1.0929E+00  5.7059E+01  5.0292E-01    5.86595E+01
     431  1.7240E+04  1.4545E-07  5.9762E-06    1.3300E-08  1.3050E-07  1.6408E-09    1.0929E+00  5.7059E+01  5.0283E-01    5.86595E+01
     432  1.7280E+04  1.4552E-07  6.0337E-06    1.3304E-08  1.3057E-07  1.6418E-09    1.0930E+00  5.7059E+01  5.0275E-01    5.86594E+01
     433  1.7320E+04  1.4559E-07  6.0906E-06    1.3307E-08  1.3064E-07  1.6429E-09    1.0930E+00  5.7059E+01  5.0267E-01    5.86594E+01
     434  1.7360E+04  1.4566E-07  6.1471E-06    1.3311E-08  1.3070E-07  1.6439E-09    1.0930E+00  5.7059E+01  5.0258E-01    5.86593E+01
     435  1.7400E+04  1.4573E-07  6.2031E-06    1.3315E-08  1.3077E-07  1.6449E-09    1.0931E+00  5.7059E+01  5.0250E-01    5.86593E+01
     436  1.7440E+04  1.4580E-07  6.2587E-06    1.3319E-08  1.3084E-07  1.6460E-09    1.0931E+00  5.7059E+01  5.0242E-01    5.86592E+01
     437  1.7480E+04  1.4588E-07  6.3130E-06    1.3323E-08  1.3091E-07  1.6470E-09    1.0931E+00  5.7059E+01  5.0235E-01    5.86592E+01
     438  1.7520E+04  1.4595E-07  6.3684E-06    1.3327E-08  1.3098E-07  1.6481E-09    1.0931E+00  5.7059E+01  5.0227E-01    5.86591E+01
     439  1.7560E+04  1.4603E-07  6.4215E-06    1.3331E-08  1.3105E-07  1.6492E-09    1.0932E+00  5.7059E+01  5.0219E-01    5.86591E+01
     440  1.7600E+04  1.4610E-07  6.4755E-06    1.3336E-08  1.3112E-07  1.6503E-09    1.0932E+00  5.7059E+01  5.0212E-01    5.86590E+01
     441  1.7640E+04  1.4618E-07  6.5282E-06    1.3340E-08  1.3119E-07  1.6514E-09    1.0932E+00  5.7059E+01  5.0205E-01    5.86590E+01
     442  1.7680E+04  1.4626E-07  6.5808E-06    1.3344E-08  1.3126E-07  1.6526E-09    1.0932E+00  5.7059E+01  5.0197E-01    5.86590E+01
     443  1.7720E+04  1.4633E-07  6.6314E-06    1.3349E-08  1.3133E-07  1.6537E-09    1.0933E+00  5.7059E+01  5.0190E-01    5.86589E+01
     444  1.7760E+04  1.4641E-07  6.6839E-06    1.3353E-08  1.3140E-07  1.6549E-09    1.0933E+00  5.7059E+01  5.0183E-01    5.86589E+01
     445  1.7800E+04  1.4649E-07  6.7337E-06    1.3358E-08  1.3148E-07  1.6560E-09    1.0933E+00  5.7059E+01  5.0177E-01    5.86588E+01
     446  1.7840E+04  1.4657E-07  6.7839E-06    1.3363E-08  1.3155E-07  1.6572E-09    1.0933E+00  5.7059E+01  5.0170E-01    5.86588E+01
     447  1.7880E+04  1.4665E-07  6.8329E-06    1.3367E-08  1.3162E-07  1.6584E-09    1.0934E+00  5.7059E+01  5.0164E-01    5.86588E+01
     448  1.7920E+04  1.4673E-07  6.8826E-06    1.3372E-08  1.3170E-07  1.6596E-09    1.0934E+00  5.7059E+01  5.0157E-01    5.86587E+01
     449  1.7960E+04  1.4681E-07  6.9294E-06    1.3377E-08  1.3177E-07  1.6609E-09    1.0934E+00  5.7059E+01  5.0151E-01    5.86587E+01
     450  1.8000E+04  1.4689E-07  6.9782E-06    1.3382E-08  1.3185E-07  1.6621E-09    1.0934E+00  5.7059E+01  5.0145E-01    5.86587E+01
     451  1.8040E+04  1.4698E-07  7.0235E-06    1.3387E-08  1.3193E-07  1.6634E-09    1.0934E+00  5.7059E+01  5.0139E-01    5.86586E+01
     452  1.8080E+04  1.4706E-07  7.0711E-06    1.3392E-08  1.3200E-07  1.6646E-09    1.0935E+00  5.7059E+01  5.0133E-01    5.86586E+01
     453  1.8120E+04  1.4714E-07  7.1150E-06    1.3397E-08  1.3208E-07  1.6659E-09    1.0935E+00  5.7059E+01  5.0127E-01    5.86586E+01
     454  1.8160E+04  1.4723E-07  7.1613E-06    1.3402E-08  1.3216E-07  1.6672E-09    1.0935E+00  5.7059E+01  5.0122E-01    5.86585E+01
     455  1.8200E+04  1.4731E-07  7.2045E-06    1.3408E-08  1.3224E-07  1.6685E-09    1.0935E+00  5.7059E+01  5.0116E-01    5.86585E+01
     456  1.8240E+04  1.4740E-07  7.2480E-06    1.3413E-08  1.3231E-07  1.6698E-09    1.0935E+00  5.7059E+01  5.0111E-01    5.86585E+01
     457  1.8280E+04  1.4748E-07  7.2910E-06    1.3418E-08  1.3239E-07  1.6711E-09    1.0936E+00  5.7059E+01  5.0106E-01    5.86585E+01
     458  1.8320E+04  1.4757E-07  7.3325E-06    1.3424E-08  1.3247E-07  1.6725E-09    1.0936E+00  5.7059E+01  5.0101E-01    5.86584E+01
     459  1.8360E+04  1.4766E-07  7.3740E-06    1.3429E-08  1.3255E-07  1.6738E-09    1.0936E+00  5.7059E+01  5.0096E-01    5.86584E+01
     460  1.8400E+04  1.4775E-07  7.4139E-06    1.3435E-08  1.3263E-07  1.6752E-09    1.0936E+00  5.7059E+01  5.0091E-01    5.86584E+01
     461  1.8440E+04  1.4783E-07  7.4543E-06    1.3441E-08  1.3272E-07  1.6766E-09    1.0936E+00  5.7059E+01  5.0087E-01    5.86584E+01
     462  1.8480E+04  1.4792E-07  7.4927E-06    1.3446E-08  1.3280E-07  1.6780E-09    1.0937E+00  5.7059E+01  5.0082E-01    5.86584E+01
     463  1.8520E+04  1.4801E-07  7.5310E-06    1.3452E-08  1.3288E-07  1.6793E-09    1.0937E+00  5.7059E+01  5.0078E-01    5.86583E+01
     464  1.8560E+04  1.4810E-07  7.5676E-06    1.3458E-08  1.3296E-07  1.6808E-09    1.0937E+00  5.7059E+01  5.0074E-01    5.86583E+01
     465  1.8600E+04  1.4819E-07  7.6051E-06    1.3464E-08  1.3304E-07  1.6822E-09    1.0937E+00  5.7059E+01  5.0070E-01    5.86583E+01
     466  1.8640E+04  1.4828E-07  7.6404E-06    1.3470E-08  1.3313E-07  1.6836E-09    1.0937E+00  5.7059E+01  5.0066E-01    5.86583E+01
     467  1.8680E+04  1.4837E-07  7.6747E-06    1.3476E-08  1.3321E-07  1.6851E-09    1.0938E+00  5.7059E+01  5.0062E-01    5.86583E+01
     468  1.8720E+04  1.4846E-07  7.7092E-06    1.3482E-08  1.3330E-07  1.6865E-09    1.0938E+00  5.7059E+01  5.0058E-01    5.86583E+01
     469  1.8760E+04  1.4856E-07  7.7422E-06    1.3488E-08  1.3338E-07  1.6880E-09    1.0938E+00  5.7059E+01  5.0055E-01    5.86583E+01
     470  1.8800E+04  1.4865E-07  7.7747E-06    1.3494E-08  1.3346E-07  1.6894E-09    1.0938E+00  5.7059E+01  5.0052E-01    5.86583E+01
     471  1.8840E+04  1.4874E-07  7.8059E-06    1.3500E-08  1.3355E-07  1.6909E-09    1.0938E+00  5.7059E+01  5.0049E-01    5.86582E+01
     472  1.8880E+04  1.4883E-07  7.8360E-06    1.3507E-08  1.3364E-07  1.6924E-09    1.0938E+00  5.7059E+01  5.0046E-01    5.86582E+01
     473  1.8920E+04  1.4893E-07  7.8665E-06    1.3513E-08  1.3372E-07  1.6939E-09    1.0939E+00  5.7059E+01  5.0043E-01    5.86582E+01
     474  1.8960E+04  1.4902E-07  7.8946E-06    1.3519E-08  1.3381E-07  1.6955E-09    1.0939E+00  5.7059E+01  5.0040E-01    5.86582E+01
     475  1.9000E+04  1.4912E-07  7.9220E-06    1.3526E-08  1.3389E-07  1.6970E-09    1.0939E+00  5.7059E+01  5.0038E-01    5.86582E+01
     476  1.9040E+04  1.4921E-07  7.9497E-06    1.3532E-08  1.3398E-07  1.6985E-09    1.0939E+00  5.7059E+01  5.0035E-01    5.86582E+01
     477  1.9080E+04  1.4931E-07  7.9748E-06    1.3539E-08  1.3407E-07  1.7001E-09    1.0939E+00  5.7059E+01  5.0033E-01    5.86582E+01
     478  1.9120E+04  1.4940E-07  8.0004E-06    1.3546E-08  1.3416E-07  1.7016E-09    1.0939E+00  5.7059E+01  5.0031E-01    5.86582E+01
     479  1.9160E+04  1.4950E-07  8.0241E-06    1.3552E-08  1.3424E-07  1.7032E-09    1.0939E+00  5.7059E+01  5.0029E-01    5.86582E+01
     480  1.9200E+04  1.4959E-07  8.0471E-06    1.3559E-08  1.3433E-07  1.7048E-09    1.0940E+00  5.7059E+01  5.0027E-01    5.86582E+01
     481  1.9240E+04  1.4969E-07  8.0692E-06    1.3566E-08  1.3442E-07  1.7063E-09    1.0940E+00  5.7059E+01  5.0025E-01    5.86582E+01
     482  1.9280E+04  1.4979E-07  8.0904E-06    1.3572E-08  1.3451E-07  1.7079E-09    1.0940E+00  5.7059E+01  5.0024E-01    5.86582E+01
     483  1.9320E+04  1.4989E-07  8.1093E-06    1.3579E-08  1.3460E-07  1.7095E-09    1.0940E+00  5.7059E+01  5.0023E-01    5.86583E+01
     484  1.9360E+04  1.4998E-07  8.1304E-06    1.3586E-08  1.3469E-07  1.7111E-09    1.0940E+00  5.7059E+01  5.0021E-01    5.86583E+01
     485  1.9400E+04  1.5008E-07  8.1464E-06    1.3593E-08  1.3477E-07  1.7128E-09    1.0940E+00  5.7059E+01  5.0020E-01    5.86583E+01
     486  1.9440E+04  1.5018E-07  8.1652E-06    1.3600E-08  1.3486E-07  1.7144E-09    1.0940E+00  5.7059E+01  5.0019E-01    5.86583E+01
     487  1.9480E+04  1.5028E-07  8.1792E-06    1.3607E-08  1.3495E-07  1.7160E-09    1.0941E+00  5.7059E+01  5.0019E-01    5.86583E+01
     488  1.9520E+04  1.5038E-07  8.1961E-06    1.3614E-08  1.3504E-07  1.7177E-09    1.0941E+00  5.7059E+01  5.0018E-01    5.86583E+01
     489  1.9560E+04  1.5047E-07  8.2081E-06    1.3621E-08  1.3513E-07  1.7193E-09    1.0941E+00  5.7059E+01  5.0018E-01    5.86583E+01
     490  1.9600E+04  1.5057E-07  8.2221E-06    1.3629E-08  1.3522E-07  1.7210E-09    1.0941E+00  5.7059E+01  5.0017E-01    5.86583E+01
     491  1.9640E+04  1.5067E-07  8.2333E-06    1.3636E-08  1.3531E-07  1.7226E-09    1.0941E+00  5.7059E+01  5.0017E-01    5.86584E+01
     492  1.9680E+04  1.5077E-07  8.2443E-06    1.3643E-08  1.3540E-07  1.7243E-09    1.0941E+00  5.7059E+01  5.0017E-01    5.86584E+01
     493  1.9720E+04  1.5087E-07  8.2536E-06    1.3650E-08  1.3550E-07  1.7260E-09    1.0941E+00  5.7059E+01  5.0017E-01    5.86584E+01
     494  1.9760E+04  1.5097E-07  8.2624E-06    1.3658E-08  1.3559E-07  1.7277E-09    1.0941E+00  5.7059E+01  5.0018E-01    5.86584E+01
     495  1.9800E+04  1.5107E-07  8.2690E-06    1.3665E-08  1.3568E-07  1.7294E-09    1.0941E+00  5.7059E+01  5.0018E-01    5.86584E+01
     496  1.9840E+04  1.5117E-07  8.2760E-06    1.3672E-08  1.3577E-07  1.7311E-09    1.0942E+00  5.7059E+01  5.0019E-01    5.86585E+01
     497  1.9880E+04  1.5127E-07  8.2806E-06    1.3680E-08  1.3586E-07  1.7328E-09    1.0942E+00  5.7059E+01  5.0020E-01    5.86585E+01
     498  1.9920E+04  1.5137E-07  8.2845E-06    1.3687E-08  1.3595E-07  1.7345E-09    1.0942E+00  5.7059E+01  5.0021E-01    5.86585E+01
     499  1.9960E+04  1.5147E-07  8.2876E-06    1.3695E-08  1.3604E-07  1.7362E-09    1.0942E+00  5.7059E+01  5.0022E-01    5.86585E+01
     500  2.0000E+04  1.5157E-07  8.2891E-06    1.3702E-08  1.3613E-07  1.7379E-09    1.0942E+00  5.7059E+01  5.0023E-01    5.86586E+01
