       0  0.0000E+00  2.8872E-10  0.0000E+00    2.8872E-10  0.0000E+00  0.0000E+00    1.8863E+00  5.7455E+01  3.6899E-01    5.97106E+01
       1  4.0000E+01  1.2917E-10 -9.5450E-03    1.2916E-10  1.5810E-14 -7.2604E-16    1.8801E+00  5.7451E+01  3.7002E-01    5.96993E+01
       2  8.0000E+01  1.6524E-06  2.4996E-02    1.3174E-07  1.4513E-06  6.9375E-08    1.8598E+00  5.7456E+01  3.7116E-01    5.96906E+01
       3  1.2000E+02  1.7689E-07 -2.0165E-02    1.0979E-08  1.5372E-07  1.2192E-08    1.8503E+00  5.7453E+01  3.7139E-01    5.96782E+01
       4  1.6000E+02  1.2334E-06  1.8728E-02    9.0565E-08  1.0757E-06  6.7147E-08    1.8346E+00  5.7454E+01  3.7197E-01    5.96687E+01
       5  2.0000E+02  3.3929E-07 -1.4213E-02    1.6115E-08  3.1422E-07  8.9579E-09    1.8240E+00  5.7453E+01  3.7211E-01    5.96571E+01
       6  2.4000E+02  8.5309E-07  1.0773E-02    5.4967E-08  7.5491E-07  4.3218E-08    1.8106E+00  5.7454E+01  3.7241E-01    5.96470E+01
       7  2.8000E+02  4.7207E-07 -7.1881E-03    1.9546E-08  4.4646E-07  6.0666E-09    1.7998E+00  5.7453E+01  3.7249E-01    5.96360E+01
       8  3.2000E+02  6.8045E-07  4.5199E-03    3.6900E-08  6.1661E-07  2.6938E-08    1.7879E+00  5.7453E+01  3.7263E-01    5.96259E+01
       9  3.6000E+02  5.4126E-07 -2.8483E-03    2.1629E-08  5.1314E-07  6.4919E-09    1.7775E+00  5.7452E+01  3.7267E-01    5.96156E+01
      10  4.0000E+02  6.0878E-07  1.4678E-03    2.8394E-08  5.6185E-07  1.8532E-08    1.7667E+00  5.7452E+01  3.7272E-01    5.96058E+01
      11  4.4000E+02  5.6587E-07 -9.1316E-04    2.2211E-08  5.3578E-07  7.8770E-09    1.7567E+00  5.7452E+01  3.7272E-01    5.95960E+01
      12  4.8000E+02  5.7819E-07  2.6923E-04    2.4159E-08  5.3959E-07  1.4442E-08    1.7469E+00  5.7452E+01  3.7273E-01    5.95868E+01
      13  5.2000E+02  5.6888E-07 -2.0289E-04    2.1765E-08  5.3812E-07  8.9945E-09    1.7376E+00  5.7452E+01  3.7271E-01    5.95777E+01
      14  5.6000E+02  5.6312E-07 -1.2739E-04    2.1787E-08  5.2892E-07  1.2408E-08    1.7285E+00  5.7451E+01  3.7269E-01    5.95690E+01
      15  6.0000E+02  5.6316E-07  1.0759E-06    2.0832E-08  5.3270E-07  9.6302E-09    1.7199E+00  5.7451E+01  3.7266E-01    5.95606E+01
      16  6.4000E+02  5.5328E-07 -2.2139E-04    2.0235E-08  5.2171E-07  1.1330E-08    1.7116E+00  5.7451E+01  3.7263E-01    5.95525E+01
      17  6.8000E+02  5.5441E-07  2.5501E-05    1.9751E-08  5.2476E-07  9.8994E-09    1.7037E+00  5.7451E+01  3.7260E-01    5.95448E+01
      18  7.2000E+02  5.4484E-07 -2.1767E-04    1.9060E-08  5.1507E-07  1.0704E-08    1.6961E+00  5.7451E+01  3.7258E-01    5.95374E+01
      19  7.6000E+02  5.4483E-07 -2.1077E-07    1.8687E-08  5.1619E-07  9.9473E-09    1.6889E+00  5.7451E+01  3.7256E-01    5.95303E+01
      20  8.0000E+02  5.3654E-07 -1.9167E-04    1.8074E-08  5.0817E-07  1.0296E-08    1.6820E+00  5.7450E+01  3.7255E-01    5.95235E+01
      21  8.4000E+02  5.3519E-07 -3.1355E-05    1.7709E-08  5.0761E-07  9.8762E-09    1.6754E+00  5.7450E+01  3.7255E-01    5.95170E+01
      22  8.8000E+02  5.2809E-07 -1.6703E-04    1.7208E-08  5.0088E-07  9.9988E-09    1.6691E+00  5.7450E+01  3.7256E-01    5.95109E+01
      23  9.2000E+02  5.2574E-07 -5.5784E-05    1.6838E-08  4.9915E-07  9.7464E-09    1.6632E+00  5.7450E+01  3.7258E-01    5.95051E+01
      24  9.6000E+02  5.1952E-07 -1.4870E-04    1.6438E-08  4.9332E-07  9.7587E-09    1.6575E+00  5.7450E+01  3.7262E-01    5.94996E+01
      25  1.0000E+03  5.1652E-07 -7.2316E-05    1.6078E-08  4.9085E-07  9.5906E-09    1.6522E+00  5.7450E+01  3.7267E-01    5.94943E+01
      26  1.0400E+03  5.1094E-07 -1.3595E-04    1.5755E-08  4.8563E-07  9.5508E-09    1.6471E+00  5.7450E+01  3.7274E-01    5.94894E+01
      27  1.0800E+03  5.0757E-07 -8.2633E-05    1.5420E-08  4.8272E-07  9.4258E-09    1.6423E+00  5.7450E+01  3.7282E-01    5.94848E+01
      28  1.1200E+03  5.0244E-07 -1.2698E-04    1.5158E-08  4.7792E-07  9.3628E-09    1.6378E+00  5.7449E+01  3.7292E-01    5.94804E+01
      29  1.1600E+03  4.9889E-07 -8.8621E-05    1.4859E-08  4.7477E-07  9.2609E-09    1.6335E+00  5.7449E+01  3.7303E-01    5.94764E+01
      30  1.2000E+03  4.9411E-07 -1.2027E-04    1.4643E-08  4.7028E-07  9.1887E-09    1.6296E+00  5.7449E+01  3.7317E-01    5.94726E+01
      31  1.2400E+03  4.9050E-07 -9.1705E-05    1.4384E-08  4.6702E-07  9.1001E-09    1.6258E+00  5.7449E+01  3.7332E-01    5.94690E+01
      32  1.2800E+03  4.8602E-07 -1.1480E-04    1.4207E-08  4.6278E-07  9.0258E-09    1.6223E+00  5.7449E+01  3.7350E-01    5.94657E+01
      33  1.3200E+03  4.8242E-07 -9.2821E-05    1.3990E-08  4.5948E-07  8.9458E-09    1.6191E+00  5.7449E+01  3.7369E-01    5.94627E+01
      34  1.3600E+03  4.7820E-07 -1.0997E-04    1.3846E-08  4.5548E-07  8.8726E-09    1.6161E+00  5.7449E+01  3.7390E-01    5.94599E+01
      35  1.4000E+03  4.7467E-07 -9.2583E-05    1.3668E-08  4.5220E-07  8.7988E-09    1.6133E+00  5.7449E+01  3.7413E-01    5.94574E+01
      36  1.4400E+03  4.7068E-07 -1.0543E-04    1.3554E-08  4.4840E-07  8.7285E-09    1.6107E+00  5.7449E+01  3.7438E-01    5.94550E+01
      37  1.4800E+03  4.6725E-07 -9.1363E-05    1.3412E-08  4.4518E-07  8.6598E-09    1.6083E+00  5.7449E+01  3.7465E-01    5.94529E+01
      38  1.5200E+03  4.6349E-07 -1.0101E-04    1.3324E-08  4.4157E-07  8.5930E-09    1.6062E+00  5.7449E+01  3.7494E-01    5.94511E+01
      39  1.5600E+03  4.6019E-07 -8.9416E-05    1.3216E-08  4.3844E-07  8.5288E-09    1.6042E+00  5.7449E+01  3.7524E-01    5.94494E+01
      40  1.6000E+03  4.5664E-07 -9.6627E-05    1.3153E-08  4.3503E-07  8.4658E-09    1.6024E+00  5.7448E+01  3.7557E-01    5.94479E+01
      41  1.6400E+03  4.5348E-07 -8.6920E-05    1.3074E-08  4.3200E-07  8.4058E-09    1.6008E+00  5.7448E+01  3.7591E-01    5.94466E+01
      42  1.6800E+03  4.5015E-07 -9.2247E-05    1.3032E-08  4.2877E-07  8.3467E-09    1.5993E+00  5.7448E+01  3.7628E-01    5.94455E+01
      43  1.7200E+03  4.4713E-07 -8.4008E-05    1.2980E-08  4.2586E-07  8.2906E-09    1.5981E+00  5.7448E+01  3.7666E-01    5.94446E+01
      44  1.7600E+03  4.4400E-07 -8.7862E-05    1.2959E-08  4.2280E-07  8.2353E-09    1.5969E+00  5.7448E+01  3.7706E-01    5.94439E+01
      45  1.8000E+03  4.4114E-07 -8.0785E-05    1.2930E-08  4.2003E-07  8.1829E-09    1.5960E+00  5.7448E+01  3.7747E-01    5.94433E+01
      46  1.8400E+03  4.3820E-07 -8.3481E-05    1.2926E-08  4.1714E-07  8.1315E-09    1.5952E+00  5.7448E+01  3.7790E-01    5.94429E+01
      47  1.8800E+03  4.3550E-07 -7.7337E-05    1.2919E-08  4.1450E-07  8.0827E-09    1.5945E+00  5.7448E+01  3.7835E-01    5.94426E+01
      48  1.9200E+03  4.3275E-07 -7.9122E-05    1.2931E-08  4.1179E-07  8.0348E-09    1.5939E+00  5.7448E+01  3.7882E-01    5.94425E+01
      49  1.9600E+03  4.3021E-07 -7.3736E-05    1.2942E-08  4.0928E-07  7.9894E-09    1.5935E+00  5.7448E+01  3.7930E-01    5.94425E+01
      50  2.0000E+03  4.2764E-07 -7.4804E-05    1.2969E-08  4.0673E-07  7.9449E-09    1.5932E+00  5.7448E+01  3.7979E-01    5.94427E+01
      51  2.0400E+03  4.2525E-07 -7.0043E-05    1.2995E-08  4.0435E-07  7.9027E-09    1.5931E+00  5.7448E+01  3.8030E-01    5.94430E+01
      52  2.0800E+03  4.2286E-07 -7.0549E-05    1.3035E-08  4.0196E-07  7.8615E-09    1.5930E+00  5.7448E+01  3.8083E-01    5.94434E+01
      53  2.1200E+03  4.2062E-07 -6.6310E-05    1.3076E-08  3.9972E-07  7.8223E-09    1.5930E+00  5.7448E+01  3.8136E-01    5.94439E+01
      54  2.1600E+03  4.1839E-07 -6.6381E-05    1.3127E-08  3.9748E-07  7.7842E-09    1.5931E+00  5.7448E+01  3.8191E-01    5.94445E+01
      55  2.2000E+03  4.1630E-07 -6.2582E-05    1.3180E-08  3.9537E-07  7.7479E-09    1.5934E+00  5.7448E+01  3.8247E-01    5.94453E+01
      56  2.2400E+03  4.1423E-07 -6.2320E-05    1.3242E-08  3.9328E-07  7.7126E-09    1.5937E+00  5.7448E+01  3.8305E-01    5.94461E+01
      57  2.2800E+03  4.1228E-07 -5.8897E-05    1.3306E-08  3.9130E-07  7.6789E-09    1.5941E+00  5.7448E+01  3.8363E-01    5.94470E+01
      58  2.3200E+03  4.1036E-07 -5.8384E-05    1.3376E-08  3.8934E-07  7.6463E-09    1.5945E+00  5.7448E+01  3.8422E-01    5.94480E+01
      59  2.3600E+03  4.0855E-07 -5.5289E-05    1.3449E-08  3.8749E-07  7.6151E-09    1.5951E+00  5.7448E+01  3.8483E-01    5.94491E+01
      60  2.4000E+03  4.0677E-07 -5.4591E-05    1.3528E-08  3.8566E-07  7.5849E-09    1.5957E+00  5.7448E+01  3.8544E-01    5.94503E+01
      61  2.4400E+03  4.0509E-07 -5.1783E-05    1.3609E-08  3.8392E-07  7.5561E-09    1.5963E+00  5.7448E+01  3.8606E-01    5.94515E+01
      62  2.4800E+03  4.0344E-07 -5.0956E-05    1.3695E-08  3.8222E-07  7.5281E-09    1.5971E+00  5.7448E+01  3.8669E-01    5.94528E+01
      63  2.5200E+03  4.0188E-07 -4.8402E-05    1.3783E-08  3.8060E-07  7.5014E-09    1.5978E+00  5.7448E+01  3.8733E-01    5.94541E+01
      64  2.5600E+03  4.0036E-07 -4.7489E-05    1.3874E-08  3.7901E-07  7.4756E-09    1.5987E+00  5.7448E+01  3.8797E-01    5.94556E+01
      65  2.6000E+03  3.9892E-07 -4.5165E-05    1.3968E-08  3.7750E-07  7.4508E-09    1.5995E+00  5.7448E+01  3.8862E-01    5.94570E+01
      66  2.6400E+03  3.9751E-07 -4.4202E-05    1.4065E-08  3.7602E-07  7.4268E-09    1.6004E+00  5.7448E+01  3.8928E-01    5.94585E+01
      67  2.6800E+03  3.9617E-07 -4.2084E-05    1.4163E-08  3.7460E-07  7.4039E-09    1.6014E+00  5.7448E+01  3.8994E-01    5.94601E+01
      68  2.7200E+03  3.9487E-07 -4.1100E-05    1.4264E-08  3.7322E-07  7.3816E-09    1.6023E+00  5.7448E+01  3.9061E-01    5.94616E+01
      69  2.7600E+03  3.9363E-07 -3.9171E-05    1.4367E-08  3.7191E-07  7.3603E-09    1.6034E+00  5.7448E+01  3.9128E-01    5.94633E+01
      70  2.8000E+03  3.9243E-07 -3.8188E-05    1.4471E-08  3.7062E-07  7.3396E-09    1.6044E+00  5.7448E+01  3.9195E-01    5.94649E+01
      71  2.8400E+03  3.9129E-07 -3.6433E-05    1.4577E-08  3.6940E-07  7.3197E-09    1.6054E+00  5.7448E+01  3.9262E-01    5.94666E+01
      72  2.8800E+03  3.9018E-07 -3.5468E-05    1.4685E-08  3.6820E-07  7.3005E-09    1.6065E+00  5.7448E+01  3.9330E-01    5.94683E+01
      73  2.9200E+03  3.8913E-07 -3.3873E-05    1.4793E-08  3.6705E-07  7.2819E-09    1.6076E+00  5.7448E+01  3.9398E-01    5.94700E+01
      74  2.9600E+03  3.8810E-07 -3.2942E-05    1.4902E-08  3.6594E-07  7.2639E-09    1.6087E+00  5.7448E+01  3.9466E-01    5.94717E+01
      75  3.0000E+03  3.8713E-07 -3.1494E-05    1.5012E-08  3.6487E-07  7.2466E-09    1.6098E+00  5.7448E+01  3.9535E-01    5.94734E+01
      76  3.0400E+03  3.8618E-07 -3.0603E-05    1.5123E-08  3.6383E-07  7.2297E-09    1.6109E+00  5.7448E+01  3.9603E-01    5.94752E+01
      77  3.0800E+03  3.8528E-07 -2.9297E-05    1.5234E-08  3.6283E-07  7.2134E-09    1.6121E+00  5.7448E+01  3.9671E-01    5.94769E+01
      78  3.1200E+03  3.8440E-07 -2.8456E-05    1.5346E-08  3.6186E-07  7.1975E-09    1.6132E+00  5.7448E+01  3.9739E-01    5.94787E+01
      79  3.1600E+03  3.8356E-07 -2.7277E-05    1.5458E-08  3.6092E-07  7.1822E-09    1.6143E+00  5.7448E+01  3.9807E-01    5.94805E+01
      80  3.2000E+03  3.8275E-07 -2.6492E-05    1.5570E-08  3.6001E-07  7.1672E-09    1.6154E+00  5.7448E+01  3.9875E-01    5.94822E+01
      81  3.2400E+03  3.8197E-07 -2.5432E-05    1.5682E-08  3.5914E-07  7.1526E-09    1.6166E+00  5.7448E+01  3.9943E-01    5.94840E+01
      82  3.2800E+03  3.8122E-07 -2.4707E-05    1.5794E-08  3.5829E-07  7.1385E-09    1.6177E+00  5.7448E+01  4.0010E-01    5.94857E+01
      83  3.3200E+03  3.8049E-07 -2.3756E-05    1.5905E-08  3.5746E-07  7.1246E-09    1.6188E+00  5.7448E+01  4.0077E-01    5.94874E+01
      84  3.3600E+03  3.7979E-07 -2.3091E-05    1.6016E-08  3.5666E-07  7.1111E-09    1.6199E+00  5.7448E+01  4.0144E-01    5.94892E+01
      85  3.4000E+03  3.7912E-07 -2.2245E-05    1.6126E-08  3.5589E-07  7.0980E-09    1.6210E+00  5.7448E+01  4.0211E-01    5.94909E+01
      86  3.4400E+03  3.7846E-07 -2.1640E-05    1.6236E-08  3.5514E-07  7.0851E-09    1.6221E+00  5.7448E+01  4.0277E-01    5.94926E+01
      87  3.4800E+03  3.7783E-07 -2.0888E-05    1.6345E-08  3.5441E-07  7.0724E-09    1.6232E+00  5.7448E+01  4.0343E-01    5.94943E+01
      88  3.5200E+03  3.7721E-07 -2.0343E-05    1.6454E-08  3.5370E-07  7.0600E-09    1.6242E+00  5.7448E+01  4.0408E-01    5.94959E+01
      89  3.5600E+03  3.7662E-07 -1.9680E-05    1.6561E-08  3.5301E-07  7.0479E-09    1.6253E+00  5.7448E+01  4.0473E-01    5.94976E+01
      90  3.6000E+03  3.7604E-07 -1.9193E-05    1.6667E-08  3.5234E-07  7.0359E-09    1.6263E+00  5.7448E+01  4.0538E-01    5.94992E+01
      91  3.6400E+03  3.7548E-07 -1.8611E-05    1.6773E-08  3.5169E-07  7.0242E-09    1.6273E+00  5.7448E+01  4.0601E-01    5.95008E+01
      92  3.6800E+03  3.7494E-07 -1.8181E-05    1.6877E-08  3.5105E-07  7.0126E-09    1.6283E+00  5.7448E+01  4.0665E-01    5.95024E+01
      93  3.7200E+03  3.7441E-07 -1.7673E-05    1.6979E-08  3.5043E-07  7.0011E-09    1.6293E+00  5.7448E+01  4.0727E-01    5.95040E+01
      94  3.7600E+03  3.7389E-07 -1.7296E-05    1.7081E-08  3.4982E-07  6.9899E-09    1.6302E+00  5.7448E+01  4.0790E-01    5.95055E+01
      95  3.8000E+03  3.7339E-07 -1.6858E-05    1.7181E-08  3.4923E-07  6.9787E-09    1.6312E+00  5.7448E+01  4.0851E-01    5.95070E+01
      96  3.8400E+03  3.7289E-07 -1.6530E-05    1.7280E-08  3.4865E-07  6.9677E-09    1.6321E+00  5.7448E+01  4.0912E-01    5.95085E+01
      97  3.8800E+03  3.7241E-07 -1.6154E-05    1.7377E-08  3.4808E-07  6.9568E-09    1.6330E+00  5.7448E+01  4.0972E-01    5.95100E+01
      98  3.9200E+03  3.7194E-07 -1.5873E-05    1.7473E-08  3.4752E-07  6.9460E-09    1.6338E+00  5.7448E+01  4.1032E-01    5.95114E+01
      99  3.9600E+03  3.7148E-07 -1.5555E-05    1.7567E-08  3.4697E-07  6.9352E-09    1.6347E+00  5.7448E+01  4.1090E-01    5.95128E+01
     100  4.0000E+03  3.7102E-07 -1.5317E-05    1.7659E-08  3.4644E-07  6.9246E-09    1.6355E+00  5.7448E+01  4.1149E-01    5.95142E+01
     101  4.0400E+03  3.7058E-07 -1.5050E-05    1.7750E-08  3.4591E-07  6.9140E-09    1.6363E+00  5.7448E+01  4.1206E-01    5.95155E+01
     102  4.0800E+03  3.7014E-07 -1.4853E-05    1.7839E-08  3.4539E-07  6.9035E-09    1.6371E+00  5.7448E+01  4.1263E-01    5.95168E+01
     103  4.1200E+03  3.6970E-07 -1.4632E-05    1.7926E-08  3.4488E-07  6.8930E-09    1.6379E+00  5.7448E+01  4.1318E-01    5.95181E+01
     104  4.1600E+03  3.6927E-07 -1.4470E-05    1.8012E-08  3.4438E-07  6.8826E-09    1.6386E+00  5.7448E+01  4.1373E-01    5.95194E+01
     105  4.2000E+03  3.6885E-07 -1.4291E-05    1.8096E-08  3.4388E-07  6.8722E-09    1.6394E+00  5.7448E+01  4.1428E-01    5.95206E+01
     106  4.2400E+03  3.6843E-07 -1.4163E-05    1.8178E-08  3.4340E-07  6.8618E-09    1.6401E+00  5.7448E+01  4.1481E-01    5.95219E+01
     107  4.2800E+03  3.6802E-07 -1.4019E-05    1.8258E-08  3.4291E-07  6.8515E-09    1.6408E+00  5.7448E+01  4.1534E-01    5.95230E+01
     108  4.3200E+03  3.6761E-07 -1.3921E-05    1.8336E-08  3.4243E-07  6.8412E-09    1.6414E+00  5.7448E+01  4.1586E-01    5.95242E+01
     109  4.3600E+03  3.6721E-07 -1.3810E-05    1.8413E-08  3.4196E-07  6.8309E-09    1.6421E+00  5.7448E+01  4.1637E-01    5.95253E+01
     110  4.4000E+03  3.6680E-07 -1.3738E-05    1.8488E-08  3.4149E-07  6.8206E-09    1.6427E+00  5.7448E+01  4.1687E-01    5.95264E+01
     111  4.4400E+03  3.6640E-07 -1.3655E-05    1.8561E-08  3.4103E-07  6.8103E-09    1.6433E+00  5.7448E+01  4.1737E-01    5.95275E+01
     112  4.4800E+03  3.6600E-07 -1.3606E-05    1.8632E-08  3.4057E-07  6.8000E-09    1.6438E+00  5.7448E+01  4.1785E-01    5.95285E+01
     113  4.5200E+03  3.6561E-07 -1.3548E-05    1.8701E-08  3.4012E-07  6.7897E-09    1.6444E+00  5.7448E+01  4.1833E-01    5.95295E+01
     114  4.5600E+03  3.6521E-07 -1.3519E-05    1.8769E-08  3.3966E-07  6.7794E-09    1.6449E+00  5.7448E+01  4.1880E-01    5.95305E+01
     115  4.6000E+03  3.6482E-07 -1.3483E-05    1.8834E-08  3.3921E-07  6.7691E-09    1.6455E+00  5.7448E+01  4.1926E-01    5.95315E+01
     116  4.6400E+03  3.6443E-07 -1.3470E-05    1.8898E-08  3.3877E-07  6.7587E-09    1.6460E+00  5.7448E+01  4.1972E-01    5.95324E+01
     117  4.6800E+03  3.6403E-07 -1.3453E-05    1.8960E-08  3.3832E-07  6.7484E-09    1.6464E+00  5.7448E+01  4.2016E-01    5.95333E+01
     118  4.7200E+03  3.6364E-07 -1.3454E-05    1.9021E-08  3.3788E-07  6.7381E-09    1.6469E+00  5.7448E+01  4.2060E-01    5.95342E+01
     119  4.7600E+03  3.6325E-07 -1.3452E-05    1.9080E-08  3.3744E-07  6.7277E-09    1.6474E+00  5.7448E+01  4.2103E-01    5.95350E+01
     120  4.8000E+03  3.6286E-07 -1.3465E-05    1.9137E-08  3.3701E-07  6.7173E-09    1.6478E+00  5.7448E+01  4.2144E-01    5.95359E+01
     121  4.8400E+03  3.6247E-07 -1.3475E-05    1.9192E-08  3.3657E-07  6.7069E-09    1.6482E+00  5.7448E+01  4.2186E-01    5.95367E+01
     122  4.8800E+03  3.6208E-07 -1.3498E-05    1.9246E-08  3.3614E-07  6.6965E-09    1.6486E+00  5.7448E+01  4.2226E-01    5.95374E+01
     123  4.9200E+03  3.6169E-07 -1.3518E-05    1.9298E-08  3.3570E-07  6.6860E-09    1.6490E+00  5.7448E+01  4.2265E-01    5.95382E+01
     124  4.9600E+03  3.6129E-07 -1.3549E-05    1.9348E-08  3.3527E-07  6.6756E-09    1.6493E+00  5.7448E+01  4.2304E-01    5.95389E+01
     125  5.0000E+03  3.6090E-07 -1.3577E-05    1.9397E-08  3.3484E-07  6.6651E-09    1.6497E+00  5.7448E+01  4.2342E-01    5.95396E+01
     126  5.0400E+03  3.6051E-07 -1.3613E-05    1.9445E-08  3.3441E-07  6.6546E-09    1.6500E+00  5.7448E+01  4.2379E-01    5.95403E+01
     127  5.0800E+03  3.6012E-07 -1.3647E-05    1.9491E-08  3.3398E-07  6.6441E-09    1.6503E+00  5.7448E+01  4.2415E-01    5.95410E+01
     128  5.1200E+03  3.5972E-07 -1.3687E-05    1.9535E-08  3.3355E-07  6.6335E-09    1.6506E+00  5.7448E+01  4.2451E-01    5.95416E+01
     129  5.1600E+03  3.5933E-07 -1.3725E-05    1.9578E-08  3.3313E-07  6.6230E-09    1.6509E+00  5.7448E+01  4.2485E-01    5.95423E+01
     130  5.2000E+03  3.5893E-07 -1.3768E-05    1.9620E-08  3.3270E-07  6.6124E-09    1.6512E+00  5.7448E+01  4.2519E-01    5.95429E+01
     131  5.2400E+03  3.5854E-07 -1.3807E-05    1.9660E-08  3.3227E-07  6.6018E-09    1.6515E+00  5.7448E+01  4.2552E-01    5.95434E+01
     132  5.2800E+03  3.5814E-07 -1.3852E-05    1.9699E-08  3.3185E-07  6.5911E-09    1.6518E+00  5.7448E+01  4.2584E-01    5.95440E+01
     133  5.3200E+03  3.5774E-07 -1.3892E-05    1.9736E-08  3.3142E-07  6.5805E-09    1.6520E+00  5.7448E+01  4.2616E-01    5.95446E+01
     134  5.3600E+03  3.5734E-07 -1.3936E-05    1.9773E-08  3.3100E-07  6.5698E-09    1.6522E+00  5.7448E+01  4.2647E-01    5.95451E+01
     135  5.4000E+03  3.5694E-07 -1.3977E-05    1.9808E-08  3.3058E-07  6.5592E-09    1.6525E+00  5.7448E+01  4.2677E-01    5.95456E+01
     136  5.4400E+03  3.5654E-07 -1.4020E-05    1.9841E-08  3.3015E-07  6.5485E-09    1.6527E+00  5.7448E+01  4.2706E-01    5.95461E+01
     137  5.4800E+03  3.5614E-07 -1.4058E-05    1.9874E-08  3.2973E-07  6.5378E-09    1.6529E+00  5.7448E+01  4.2734E-01    5.95466E+01
     138  5.5200E+03  3.5574E-07 -1.4099E-05    1.9906E-08  3.2931E-07  6.5271E-09    1.6531E+00  5.7448E+01  4.2762E-01    5.95470E+01
     139  5.5600E+03  3.5534E-07 -1.4136E-05    1.9936E-08  3.2889E-07  6.5163E-09    1.6533E+00  5.7448E+01  4.2789E-01    5.95475E+01
     140  5.6000E+03  3.5494E-07 -1.4174E-05    1.9965E-08  3.2846E-07  6.5056E-09    1.6534E+00  5.7448E+01  4.2815E-01    5.95479E+01
     141  5.6400E+03  3.5453E-07 -1.4208E-05    1.9994E-08  3.2804E-07  6.4949E-09    1.6536E+00  5.7448E+01  4.2841E-01    5.95483E+01
     142  5.6800E+03  3.5413E-07 -1.4242E-05    2.0021E-08  3.2762E-07  6.4841E-09    1.6538E+00  5.7448E+01  4.2866E-01    5.95487E+01
     143  5.7200E+03  3.5372E-07 -1.4273E-05    2.0048E-08  3.2720E-07  6.4734E-09    1.6539E+00  5.7448E+01  4.2890E-01    5.95491E+01
     144  5.7600E+03  3.5332E-07 -1.4303E-05    2.0073E-08  3.2678E-07  6.4626E-09    1.6541E+00  5.7448E+01  4.2914E-01    5.95494E+01
     145  5.8000E+03  3.5291E-07 -1.4330E-05    2.0097E-08  3.2637E-07  6.4519E-09    1.6542E+00  5.7448E+01  4.2936E-01    5.95498E+01
     146  5.8400E+03  3.5251E-07 -1.4355E-05    2.0121E-08  3.2595E-07  6.4411E-09    1.6544E+00  5.7448E+01  4.2959E-01    5.95501E+01
     147  5.8800E+03  3.5210E-07 -1.4377E-05    2.0144E-08  3.2553E-07  6.4304E-09    1.6545E+00  5.7448E+01  4.2980E-01    5.95505E+01
     148  5.9200E+03  3.5170E-07 -1.4398E-05    2.0166E-08  3.2511E-07  6.4197E-09    1.6546E+00  5.7448E+01  4.3001E-01    5.95508E+01
     149  5.9600E+03  3.5129E-07 -1.4416E-05    2.0187E-08  3.2470E-07  6.4089E-09    1.6547E+00  5.7448E+01  4.3021E-01    5.95511E+01
     150  6.0000E+03  3.5089E-07 -1.4431E-05    2.0208E-08  3.2428E-07  6.3982E-09    1.6548E+00  5.7448E+01  4.3041E-01    5.95514E+01
     151  6.0400E+03  3.5048E-07 -1.4444E-05    2.0227E-08  3.2387E-07  6.3875E-09    1.6550E+00  5.7448E+01  4.3060E-01    5.95517E+01
     152  6.0800E+03  3.5008E-07 -1.4454E-05    2.0246E-08  3.2346E-07  6.3768E-09    1.6551E+00  5.7448E+01  4.3078E-01    5.95519E+01
     153  6.1200E+03  3.4967E-07 -1.4462E-05    2.0265E-08  3.2304E-07  6.3661E-09    1.6552E+00  5.7448E+01  4.3096E-01    5.95522E+01
     154  6.1600E+03  3.4927E-07 -1.4467E-05    2.0282E-08  3.2263E-07  6.3554E-09    1.6553E+00  5.7448E+01  4.3113E-01    5.95524E+01
     155  6.2000E+03  3.4886E-07 -1.4469E-05    2.0300E-08  3.2222E-07  6.3447E-09    1.6554E+00  5.7448E+01  4.3129E-01    5.95527E+01
     156  6.2400E+03  3.4846E-07 -1.4469E-05    2.0316E-08  3.2181E-07  6.3341E-09    1.6554E+00  5.7448E+01  4.3145E-01    5.95529E+01
     157  6.2800E+03  3.4806E-07 -1.4466E-05    2.0332E-08  3.2140E-07  6.3234E-09    1.6555E+00  5.7448E+01  4.3161E-01    5.95531E+01
     158  6.3200E+03  3.4766E-07 -1.4461E-05    2.0347E-08  3.2100E-07  6.3128E-09    1.6556E+00  5.7448E+01  4.3175E-01    5.95534E+01
     159  6.3600E+03  3.4725E-07 -1.4453E-05    2.0362E-08  3.2059E-07  6.3022E-09    1.6557E+00  5.7448E+01  4.3190E-01    5.95536E+01
     160  6.4000E+03  3.4685E-07 -1.4443E-05    2.0376E-08  3.2019E-07  6.2916E-09    1.6558E+00  5.7448E+01  4.3203E-01    5.95538E+01
     161  6.4400E+03  3.4645E-07 -1.4430E-05    2.0390E-08  3.1978E-07  6.2811E-09    1.6559E+00  5.7448E+01  4.3216E-01    5.95539E+01
     162  6.4800E+03  3.4605E-07 -1.4415E-05    2.0404E-08  3.1938E-07  6.2706E-09    1.6559E+00  5.7448E+01  4.3229E-01    5.95541E+01
     163  6.5200E+03  3.4566E-07 -1.4397E-05    2.0416E-08  3.1898E-07  6.2601E-09    1.6560E+00  5.7448E+01  4.3241E-01    5.95543E+01
     164  6.5600E+03  3.4526E-07 -1.4377E-05    2.0429E-08  3.1858E-07  6.2496E-09    1.6561E+00  5.7448E+01  4.3253E-01    5.95545E+01
     165  6.6000E+03  3.4486E-07 -1.4354E-05    2.0441E-08  3.1818E-07  6.2392E-09    1.6561E+00  5.7448E+01  4.3264E-01    5.95546E+01
     166  6.6400E+03  3.4447E-07 -1.4330E-05    2.0453E-08  3.1779E-07  6.2288E-09    1.6562E+00  5.7448E+01  4.3274E-01    5.95548E+01
     167  6.6800E+03  3.4407E-07 -1.4303E-05    2.0464E-08  3.1739E-07  6.2184E-09    1.6563E+00  5.7448E+01  4.3284E-01    5.95549E+01
     168  6.7200E+03  3.4368E-07 -1.4274E-05    2.0475E-08  3.1700E-07  6.2081E-09    1.6563E+00  5.7448E+01  4.3294E-01    5.95551E+01
     169  6.7600E+03  3.4329E-07 -1.4242E-05    2.0485E-08  3.1661E-07  6.1978E-09    1.6564E+00  5.7448E+01  4.3303E-01    5.95552E+01
     170  6.8000E+03  3.4290E-07 -1.4209E-05    2.0495E-08  3.1622E-07  6.1875E-09    1.6565E+00  5.7448E+01  4.3312E-01    5.95553E+01
     171  6.8400E+03  3.4251E-07 -1.4174E-05    2.0505E-08  3.1583E-07  6.1772E-09    1.6565E+00  5.7448E+01  4.3320E-01    5.95555E+01
     172  6.8800E+03  3.4212E-07 -1.4137E-05    2.0515E-08  3.1544E-07  6.1670E-09    1.6566E+00  5.7448E+01  4.3328E-01    5.95556E+01
     173  6.9200E+03  3.4174E-07 -1.4098E-05    2.0524E-08  3.1506E-07  6.1569E-09    1.6566E+00  5.7448E+01  4.3335E-01    5.95557E+01
     174  6.9600E+03  3.4135E-07 -1.4057E-05    2.0533E-08  3.1467E-07  6.1468E-09    1.6567E+00  5.7448E+01  4.3342E-01    5.95558E+01
     175  7.0000E+03  3.4097E-07 -1.4016E-05    2.0542E-08  3.1429E-07  6.1367E-09    1.6568E+00  5.7448E+01  4.3348E-01    5.95559E+01
     176  7.0400E+03  3.4059E-07 -1.3971E-05    2.0550E-08  3.1391E-07  6.1266E-09    1.6568E+00  5.7448E+01  4.3354E-01    5.95560E+01
     177  7.0800E+03  3.4021E-07 -1.3926E-05    2.0558E-08  3.1354E-07  6.1166E-09    1.6569E+00  5.7448E+01  4.3359E-01    5.95561E+01
     178  7.1200E+03  3.3983E-07 -1.3879E-05    2.0566E-08  3.1316E-07  6.1067E-09    1.6569E+00  5.7448E+01  4.3364E-01    5.95562E+01
     179  7.1600E+03  3.3946E-07 -1.3831E-05    2.0574E-08  3.1279E-07  6.0967E-09    1.6570E+00  5.7448E+01  4.3369E-01    5.95563E+01
     180  7.2000E+03  3.3908E-07 -1.3781E-05    2.0581E-08  3.1242E-07  6.0869E-09    1.6570E+00  5.7448E+01  4.3373E-01    5.95563E+01
     181  7.2400E+03  3.3871E-07 -1.3730E-05    2.0588E-08  3.1205E-07  6.0770E-09    1.6571E+00  5.7448E+01  4.3377E-01    5.95564E+01
     182  7.2800E+03  3.3834E-07 -1.3678E-05    2.0595E-08  3.1168E-07  6.0672E-09    1.6571E+00  5.7448E+01  4.3381E-01    5.95565E+01
     183  7.3200E+03  3.3797E-07 -1.3624E-05    2.0602E-08  3.1131E-07  6.0575E-09    1.6572E+00  5.7448E+01  4.3384E-01    5.95565E+01
     184  7.3600E+03  3.3761E-07 -1.3570E-05    2.0608E-08  3.1095E-07  6.0478E-09    1.6573E+00  5.7448E+01  4.3387E-01    5.95566E+01
     185  7.4000E+03  3.3724E-07 -1.3514E-05    2.0615E-08  3.1059E-07  6.0381E-09    1.6573E+00  5.7448E+01  4.3389E-01    5.95567E+01
     186  7.4400E+03  3.3688E-07 -1.3458E-05    2.0621E-08  3.1023E-07  6.0285E-09    1.6574E+00  5.7448E+01  4.3391E-01    5.95567E+01
     187  7.4800E+03  3.3652E-07 -1.3400E-05    2.0627E-08  3.0987E-07  6.0190E-09    1.6574E+00  5.7448E+01  4.3392E-01    5.95568E+01
     188  7.5200E+03  3.3616E-07 -1.3342E-05    2.0632E-08  3.0952E-07  6.0094E-09    1.6575E+00  5.7448E+01  4.3394E-01    5.95568E+01
     189  7.5600E+03  3.3580E-07 -1.3283E-05    2.0638E-08  3.0916E-07  6.0000E-09    1.6575E+00  5.7448E+01  4.3395E-01    5.95569E+01
     190  7.6000E+03  3.3545E-07 -1.3224E-05    2.0643E-08  3.0881E-07  5.9905E-09    1.6576E+00  5.7448E+01  4.3395E-01    5.95569E+01
     191  7.6400E+03  3.3509E-07 -1.3163E-05    2.0648E-08  3.0846E-07  5.9812E-09    1.6576E+00  5.7448E+01  4.3395E-01    5.95569E+01
     192  7.6800E+03  3.3474E-07 -1.3102E-05    2.0653E-08  3.0812E-07  5.9718E-09    1.6577E+00  5.7448E+01  4.3395E-01    5.95570E+01
     193  7.7200E+03  3.3439E-07 -1.3041E-05    2.0658E-08  3.0777E-07  5.9625E-09    1.6577E+00  5.7448E+01  4.3395E-01    5.95570E+01
     194  7.7600E+03  3.3405E-07 -1.2979E-05    2.0663E-08  3.0743E-07  5.9533E-09    1.6578E+00  5.7448E+01  4.3394E-01    5.95570E+01
     195  7.8000E+03  3.3370E-07 -1.2917E-05    2.0667E-08  3.0709E-07  5.9441E-09    1.6579E+00  5.7448E+01  4.3393E-01    5.95570E+01
     196  7.8400E+03  3.3336E-07 -1.2854E-05    2.0671E-08  3.0675E-07  5.9350E-09    1.6579E+00  5.7448E+01  4.3392E-01    5.95570E+01
     197  7.8800E+03  3.3302E-07 -1.2791E-05    2.0676E-08  3.0641E-07  5.9259E-09    1.6580E+00  5.7448E+01  4.3390E-01    5.95571E+01
     198  7.9200E+03  3.3268E-07 -1.2728E-05    2.0680E-08  3.0608E-07  5.9168E-09    1.6580E+00  5.7448E+01  4.3388E-01    5.95571E+01
     199  7.9600E+03  3.3234E-07 -1.2664E-05    2.0683E-08  3.0575E-07  5.9078E-09    1.6581E+00  5.7448E+01  4.3385E-01    5.95571E+01
     200  8.0000E+03  3.3201E-07 -1.2600E-05    2.0687E-08  3.0542E-07  5.8989E-09    1.6581E+00  5.7448E+01  4.3383E-01    5.95571E+01
     201  8.0400E+03  3.3167E-07 -1.2537E-05    2.0691E-08  3.0509E-07  5.8900E-09    1.6582E+00  5.7448E+01  4.3380E-01    5.95571E+01
     202  8.0800E+03  3.3134E-07 -1.2473E-05    2.0694E-08  3.0477E-07  5.8811E-09    1.6582E+00  5.7448E+01  4.3377E-01    5.95571E+01
     203  8.1200E+03  3.3101E-07 -1.2408E-05    2.0697E-08  3.0444E-07  5.8723E-09    1.6583E+00  5.7448E+01  4.3373E-01    5.95571E+01
     204  8.1600E+03  3.3069E-07 -1.2344E-05    2.0700E-08  3.0412E-07  5.8636E-09    1.6583E+00  5.7448E+01  4.3369E-01    5.95571E+01
     205  8.2000E+03  3.3036E-07 -1.2280E-05    2.0703E-08  3.0380E-07  5.8549E-09    1.6584E+00  5.7448E+01  4.3365E-01    5.95570E+01
     206  8.2400E+03  3.3004E-07 -1.2216E-05    2.0706E-08  3.0349E-07  5.8462E-09    1.6584E+00  5.7448E+01  4.3361E-01    5.95570E+01
     207  8.2800E+03  3.2972E-07 -1.2152E-05    2.0708E-08  3.0317E-07  5.8376E-09    1.6585E+00  5.7448E+01  4.3356E-01    5.95570E+01
     208  8.3200E+03  3.2940E-07 -1.2088E-05    2.0711E-08  3.0286E-07  5.8290E-09    1.6585E+00  5.7448E+01  4.3352E-01    5.95570E+01
     209  8.3600E+03  3.2908E-07 -1.2024E-05    2.0713E-08  3.0255E-07  5.8205E-09    1.6586E+00  5.7448E+01  4.3346E-01    5.95570E+01
     210  8.4000E+03  3.2877E-07 -1.1960E-05    2.0715E-08  3.0224E-07  5.8120E-09    1.6586E+00  5.7448E+01  4.3341E-01    5.95569E+01
     211  8.4400E+03  3.2846E-07 -1.1896E-05    2.0717E-08  3.0193E-07  5.8036E-09    1.6587E+00  5.7448E+01  4.3336E-01    5.95569E+01
     212  8.4800E+03  3.2815E-07 -1.1833E-05    2.0719E-08  3.0163E-07  5.7952E-09    1.6588E+00  5.7448E+01  4.3330E-01    5.95569E+01
     213  8.5200E+03  3.2784E-07 -1.1770E-05    2.0721E-08  3.0133E-07  5.7869E-09    1.6588E+00  5.7448E+01  4.3324E-01    5.95568E+01
     214  8.5600E+03  3.2753E-07 -1.1707E-05    2.0723E-08  3.0103E-07  5.7786E-09    1.6589E+00  5.7448E+01  4.3317E-01    5.95568E+01
     215  8.6000E+03  3.2722E-07 -1.1644E-05    2.0724E-08  3.0073E-07  5.7703E-09    1.6589E+00  5.7448E+01  4.3311E-01    5.95568E+01
     216  8.6400E+03  3.2692E-07 -1.1582E-05    2.0725E-08  3.0043E-07  5.7621E-09    1.6590E+00  5.7448E+01  4.3304E-01    5.95567E+01
     217  8.6800E+03  3.2662E-07 -1.1519E-05    2.0726E-08  3.0014E-07  5.7540E-09    1.6590E+00  5.7448E+01  4.3297E-01    5.95567E+01
     218  8.7200E+03  3.2632E-07 -1.1457E-05    2.0727E-08  2.9985E-07  5.7459E-09    1.6591E+00  5.7448E+01  4.3290E-01    5.95566E+01
     219  8.7600E+03  3.2602E-07 -1.1396E-05    2.0728E-08  2.9956E-07  5.7378E-09    1.6591E+00  5.7448E+01  4.3282E-01    5.95566E+01
     220  8.8000E+03  3.2573E-07 -1.1334E-05    2.0729E-08  2.9927E-07  5.7298E-09    1.6592E+00  5.7448E+01  4.3274E-01    5.95565E+01
     221  8.8400E+03  3.2543E-07 -1.1273E-05    2.0730E-08  2.9898E-07  5.7218E-09    1.6592E+00  5.7448E+01  4.3266E-01    5.95565E+01
     222  8.8800E+03  3.2514E-07 -1.1213E-05    2.0730E-08  2.9870E-07  5.7139E-09    1.6593E+00  5.7448E+01  4.3258E-01    5.95564E+01
     223  8.9200E+03  3.2485E-07 -1.1152E-05    2.0730E-08  2.9842E-07  5.7060E-09    1.6593E+00  5.7448E+01  4.3250E-01    5.95564E+01
     224  8.9600E+03  3.2456E-07 -1.1093E-05    2.0730E-08  2.9814E-07  5.6981E-09    1.6594E+00  5.7448E+01  4.3241E-01    5.95563E+01
     225  9.0000E+03  3.2428E-07 -1.1033E-05    2.0730E-08  2.9786E-07  5.6903E-09    1.6594E+00  5.7448E+01  4.3233E-01    5.95562E+01
     226  9.0400E+03  3.2399E-07 -1.0975E-05    2.0730E-08  2.9758E-07  5.6826E-09    1.6594E+00  5.7448E+01  4.3224E-01    5.95562E+01
     227  9.0800E+03  3.2371E-07 -1.0915E-05    2.0730E-08  2.9731E-07  5.6749E-09    1.6595E+00  5.7448E+01  4.3214E-01    5.95561E+01
     228  9.1200E+03  3.2343E-07 -1.0857E-05    2.0730E-08  2.9703E-07  5.6672E-09    1.6595E+00  5.7448E+01  4.3205E-01    5.95560E+01
     229  9.1600E+03  3.2315E-07 -1.0799E-05    2.0729E-08  2.9676E-07  5.6595E-09    1.6596E+00  5.7448E+01  4.3196E-01    5.95560E+01
     230  9.2000E+03  3.2287E-07 -1.0741E-05    2.0728E-08  2.9649E-07  5.6520E-09    1.6596E+00  5.7448E+01  4.3186E-01    5.95559E+01
     231  9.2400E+03  3.2260E-07 -1.0684E-05    2.0727E-08  2.9623E-07  5.6444E-09    1.6597E+00  5.7448E+01  4.3176E-01    5.95558E+01
     232  9.2800E+03  3.2232E-07 -1.0627E-05    2.0726E-08  2.9596E-07  5.6369E-09    1.6597E+00  5.7448E+01  4.3166E-01    5.95557E+01
     233  9.3200E+03  3.2205E-07 -1.0571E-05    2.0725E-08  2.9570E-07  5.6294E-09    1.6598E+00  5.7448E+01  4.3156E-01    5.95556E+01
     234  9.3600E+03  3.2178E-07 -1.0515E-05    2.0724E-08  2.9543E-07  5.6220E-09    1.6598E+00  5.7448E+01  4.3145E-01    5.95555E+01
     235  9.4000E+03  3.2151E-07 -1.0459E-05    2.0723E-08  2.9517E-07  5.6146E-09    1.6599E+00  5.7448E+01  4.3134E-01    5.95555E+01
     236  9.4400E+03  3.2124E-07 -1.0404E-05    2.0721E-08  2.9491E-07  5.6073E-09    1.6599E+00  5.7448E+01  4.3124E-01    5.95554E+01
     237  9.4800E+03  3.2098E-07 -1.0349E-05    2.0719E-08  2.9466E-07  5.6000E-09    1.6599E+00  5.7448E+01  4.3113E-01    5.95553E+01
     238  9.5200E+03  3.2071E-07 -1.0295E-05    2.0718E-08  2.9440E-07  5.5927E-09    1.6600E+00  5.7448E+01  4.3102E-01    5.95552E+01
     239  9.5600E+03  3.2045E-07 -1.0241E-05    2.0716E-08  2.9415E-07  5.5855E-09    1.6600E+00  5.7448E+01  4.3090E-01    5.95551E+01
     240  9.6000E+03  3.2019E-07 -1.0187E-05    2.0714E-08  2.9390E-07  5.5783E-09    1.6601E+00  5.7448E+01  4.3079E-01    5.95550E+01
     241  9.6400E+03  3.1993E-07 -1.0134E-05    2.0711E-08  2.9365E-07  5.5712E-09    1.6601E+00  5.7448E+01  4.3067E-01    5.95549E+01
     242  9.6800E+03  3.1967E-07 -1.0081E-05    2.0709E-08  2.9340E-07  5.5641E-09    1.6602E+00  5.7448E+01  4.3055E-01    5.95548E+01
     243  9.7200E+03  3.1942E-07 -1.0029E-05    2.0706E-08  2.9315E-07  5.5570E-09    1.6602E+00  5.7448E+01  4.3043E-01    5.95547E+01
     244  9.7600E+03  3.1916E-07 -9.9769E-06    2.0704E-08  2.9291E-07  5.5500E-09    1.6602E+00  5.7448E+01  4.3031E-01    5.95546E+01
     245  9.8000E+03  3.1891E-07 -9.9250E-06    2.0701E-08  2.9266E-07  5.5430E-09    1.6603E+00  5.7448E+01  4.3019E-01    5.95545E+01
     246  9.8400E+03  3.1866E-07 -9.8736E-06    2.0698E-08  2.9242E-07  5.5360E-09    1.6603E+00  5.7448E+01  4.3007E-01    5.95544E+01
     247  9.8800E+03  3.1841E-07 -9.8227E-06    2.0695E-08  2.9218E-07  5.5291E-09    1.6604E+00  5.7448E+01  4.2994E-01    5.95542E+01
     248  9.9200E+03  3.1816E-07 -9.7719E-06    2.0692E-08  2.9194E-07  5.5222E-09    1.6604E+00  5.7448E+01  4.2982E-01    5.95541E+01
     249  9.9600E+03  3.1791E-07 -9.7216E-06    2.0689E-08  2.9170E-07  5.5154E-09    1.6604E+00  5.7448E+01  4.2969E-01    5.95540E+01
     250  1.0000E+04  3.1766E-07 -9.6718E-06    2.0685E-08  2.9147E-07  5.5086E-09    1.6605E+00  5.7448E+01  4.2956E-01    5.95539E+01
     251  1.0040E+04  3.1742E-07 -9.6220E-06    2.0682E-08  2.9124E-07  5.5018E-09    1.6605E+00  5.7448E+01  4.2943E-01    5.95538E+01
     252  1.0080E+04  3.1718E-07 -9.5728E-06    2.0678E-08  2.9100E-07  5.4950E-09    1.6605E+00  5.7448E+01  4.2930E-01    5.95536E+01
     253  1.0120E+04  3.1693E-07 -9.5237E-06    2.0674E-08  2.9077E-07  5.4883E-09    1.6606E+00  5.7448E+01  4.2916E-01    5.95535E+01
     254  1.0160E+04  3.1669E-07 -9.4751E-06    2.0670E-08  2.9054E-07  5.4817E-09    1.6606E+00  5.7448E+01  4.2903E-01    5.95534E+01
     255  1.0200E+04  3.1646E-07 -9.4268E-06    2.0666E-08  2.9031E-07  5.4751E-09    1.6606E+00  5.7448E+01  4.2889E-01    5.95533E+01
     256  1.0240E+04  3.1622E-07 -9.3786E-06    2.0662E-08  2.9009E-07  5.4685E-09    1.6607E+00  5.7448E+01  4.2876E-01    5.95531E+01
     257  1.0280E+04  3.1598E-07 -9.3312E-06    2.0658E-08  2.8986E-07  5.4619E-09    1.6607E+00  5.7448E+01  4.2862E-01    5.95530E+01
     258  1.0320E+04  3.1575E-07 -9.2833E-06    2.0654E-08  2.8964E-07  5.4554E-09    1.6607E+00  5.7448E+01  4.2848E-01    5.95529E+01
     259  1.0360E+04  3.1551E-07 -9.2364E-06    2.0649E-08  2.8942E-07  5.4489E-09    1.6608E+00  5.7448E+01  4.2834E-01    5.95527E+01
     260  1.0400E+04  3.1528E-07 -9.1894E-06    2.0645E-08  2.8920E-07  5.4424E-09    1.6608E+00  5.7448E+01  4.2820E-01    5.95526E+01
     261  1.0440E+04  3.1505E-07 -9.1427E-06    2.0640E-08  2.8898E-07  5.4360E-09    1.6608E+00  5.7448E+01  4.2805E-01    5.95525E+01
     262  1.0480E+04  3.1482E-07 -9.0965E-06    2.0635E-08  2.8876E-07  5.4296E-09    1.6609E+00  5.7448E+01  4.2791E-01    5.95523E+01
     263  1.0520E+04  3.1459E-07 -9.0504E-06    2.0630E-08  2.8854E-07  5.4233E-09    1.6609E+00  5.7448E+01  4.2776E-01    5.95522E+01
     264  1.0560E+04  3.1437E-07 -9.0046E-06    2.0625E-08  2.8833E-07  5.4170E-09    1.6609E+00  5.7448E+01  4.2762E-01    5.95521E+01
     265  1.0600E+04  3.1414E-07 -8.9591E-06    2.0620E-08  2.8811E-07  5.4107E-09    1.6610E+00  5.7448E+01  4.2747E-01    5.95519E+01
     266  1.0640E+04  3.1392E-07 -8.9136E-06    2.0615E-08  2.8790E-07  5.4044E-09    1.6610E+00  5.7448E+01  4.2732E-01    5.95518E+01
     267  1.0680E+04  3.1370E-07 -8.8685E-06    2.0609E-08  2.8769E-07  5.3982E-09    1.6610E+00  5.7448E+01  4.2717E-01    5.95516E+01
     268  1.0720E+04  3.1347E-07 -8.8239E-06    2.0604E-08  2.8748E-07  5.3920E-09    1.6611E+00  5.7448E+01  4.2702E-01    5.95515E+01
     269  1.0760E+04  3.1325E-07 -8.7789E-06    2.0598E-08  2.8727E-07  5.3859E-09    1.6611E+00  5.7448E+01  4.2687E-01    5.95513E+01
     270  1.0800E+04  3.1304E-07 -8.7351E-06    2.0592E-08  2.8706E-07  5.3798E-09    1.6611E+00  5.7448E+01  4.2672E-01    5.95512E+01
     271  1.0840E+04  3.1282E-07 -8.6901E-06    2.0587E-08  2.8686E-07  5.3737E-09    1.6611E+00  5.7448E+01  4.2657E-01    5.95510E+01
     272  1.0880E+04  3.1260E-07 -8.6468E-06    2.0581E-08  2.8665E-07  5.3676E-09    1.6612E+00  5.7448E+01  4.2641E-01    5.95509E+01
     273  1.0920E+04  3.1239E-07 -8.6025E-06    2.0575E-08  2.8645E-07  5.3616E-09    1.6612E+00  5.7448E+01  4.2626E-01    5.95507E+01
     274  1.0960E+04  3.1217E-07 -8.5594E-06    2.0569E-08  2.8625E-07  5.3556E-09    1.6612E+00  5.7448E+01  4.2610E-01    5.95506E+01
     275  1.1000E+04  3.1196E-07 -8.5155E-06    2.0563E-08  2.8605E-07  5.3496E-09    1.6613E+00  5.7448E+01  4.2595E-01    5.95504E+01
     276  1.1040E+04  3.1175E-07 -8.4729E-06    2.0556E-08  2.8585E-07  5.3437E-09    1.6613E+00  5.7448E+01  4.2579E-01    5.95503E+01
     277  1.1080E+04  3.1154E-07 -8.4293E-06    2.0550E-08  2.8565E-07  5.3378E-09    1.6613E+00  5.7448E+01  4.2563E-01    5.95501E+01
     278  1.1120E+04  3.1133E-07 -8.3871E-06    2.0544E-08  2.8545E-07  5.3320E-09    1.6613E+00  5.7448E+01  4.2547E-01    5.95499E+01
     279  1.1160E+04  3.1112E-07 -8.3438E-06    2.0537E-08  2.8526E-07  5.3261E-09    1.6614E+00  5.7448E+01  4.2531E-01    5.95498E+01
     280  1.1200E+04  3.1092E-07 -8.3017E-06    2.0530E-08  2.8507E-07  5.3203E-09    1.6614E+00  5.7448E+01  4.2515E-01    5.95496E+01
     281  1.1240E+04  3.1071E-07 -8.2590E-06    2.0524E-08  2.8487E-07  5.3146E-09    1.6614E+00  5.7448E+01  4.2499E-01    5.95495E+01
     282  1.1280E+04  3.1051E-07 -8.2173E-06    2.0517E-08  2.8468E-07  5.3088E-09    1.6614E+00  5.7448E+01  4.2483E-01    5.95493E+01
     283  1.1320E+04  3.1030E-07 -8.1746E-06    2.0510E-08  2.8449E-07  5.3031E-09    1.6615E+00  5.7448E+01  4.2467E-01    5.95491E+01
     284  1.1360E+04  3.1010E-07 -8.1334E-06    2.0503E-08  2.8430E-07  5.2974E-09    1.6615E+00  5.7448E+01  4.2450E-01    5.95490E+01
     285  1.1400E+04  3.0990E-07 -8.0912E-06    2.0496E-08  2.8411E-07  5.2918E-09    1.6615E+00  5.7448E+01  4.2434E-01    5.95488E+01
     286  1.1440E+04  3.0970E-07 -8.0498E-06    2.0489E-08  2.8393E-07  5.2862E-09    1.6615E+00  5.7448E+01  4.2417E-01    5.95486E+01
     287  1.1480E+04  3.0950E-07 -8.0085E-06    2.0482E-08  2.8374E-07  5.2806E-09    1.6615E+00  5.7448E+01  4.2401E-01    5.95485E+01
     288  1.1520E+04  3.0931E-07 -7.9670E-06    2.0475E-08  2.8356E-07  5.2750E-09    1.6616E+00  5.7448E+01  4.2384E-01    5.95483E+01
     289  1.1560E+04  3.0911E-07 -7.9258E-06    2.0467E-08  2.8337E-07  5.2695E-09    1.6616E+00  5.7448E+01  4.2368E-01    5.95481E+01
     290  1.1600E+04  3.0891E-07 -7.8847E-06    2.0460E-08  2.8319E-07  5.2640E-09    1.6616E+00  5.7448E+01  4.2351E-01    5.95479E+01
     291  1.1640E+04  3.0872E-07 -7.8439E-06    2.0452E-08  2.8301E-07  5.2585E-09    1.6616E+00  5.7448E+01  4.2334E-01    5.95478E+01
     292  1.1680E+04  3.0853E-07 -7.8028E-06    2.0445E-08  2.8283E-07  5.2531E-09    1.6617E+00  5.7448E+01  4.2317E-01    5.95476E+01
     293  1.1720E+04  3.0834E-07 -7.7626E-06    2.0437E-08  2.8265E-07  5.2477E-09    1.6617E+00  5.7448E+01  4.2300E-01    5.95474E+01
     294  1.1760E+04  3.0815E-07 -7.7214E-06    2.0429E-08  2.8247E-07  5.2423E-09    1.6617E+00  5.7448E+01  4.2283E-01    5.95473E+01
     295  1.1800E+04  3.0796E-07 -7.6814E-06    2.0422E-08  2.8230E-07  5.2369E-09    1.6617E+00  5.7448E+01  4.2266E-01    5.95471E+01
     296  1.1840E+04  3.0777E-07 -7.6407E-06    2.0414E-08  2.8212E-07  5.2316E-09    1.6617E+00  5.7448E+01  4.2249E-01    5.95469E+01
     297  1.1880E+04  3.0758E-07 -7.6006E-06    2.0406E-08  2.8195E-07  5.2263E-09    1.6618E+00  5.7448E+01  4.2232E-01    5.95467E+01
     298  1.1920E+04  3.0740E-07 -7.5604E-06    2.0398E-08  2.8178E-07  5.2211E-09    1.6618E+00  5.7448E+01  4.2215E-01    5.95466E+01
     299  1.1960E+04  3.0721E-07 -7.5202E-06    2.0390E-08  2.8161E-07  5.2158E-09    1.6618E+00  5.7448E+01  4.2198E-01    5.95464E+01
     300  1.2000E+04  3.0703E-07 -7.4803E-06    2.0382E-08  2.8143E-07  5.2106E-09    1.6618E+00  5.7448E+01  4.2181E-01    5.95462E+01
     301  1.2040E+04  3.0684E-07 -7.4405E-06    2.0374E-08  2.8127E-07  5.2054E-09    1.6618E+00  5.7448E+01  4.2163E-01    5.95460E+01
     302  1.2080E+04  3.0666E-07 -7.4007E-06    2.0366E-08  2.8110E-07  5.2003E-09    1.6619E+00  5.7448E+01  4.2146E-01    5.95458E+01
     303  1.2120E+04  3.0648E-07 -7.3608E-06    2.0358E-08  2.8093E-07  5.1952E-09    1.6619E+00  5.7448E+01  4.2129E-01    5.95457E+01
     304  1.2160E+04  3.0630E-07 -7.3214E-06    2.0349E-08  2.8076E-07  5.1901E-09    1.6619E+00  5.7448E+01  4.2111E-01    5.95455E+01
     305  1.2200E+04  3.0612E-07 -7.2815E-06    2.0341E-08  2.8060E-07  5.1850E-09    1.6619E+00  5.7448E+01  4.2094E-01    5.95453E+01
     306  1.2240E+04  3.0595E-07 -7.2424E-06    2.0332E-08  2.8043E-07  5.1800E-09    1.6619E+00  5.7448E+01  4.2076E-01    5.95451E+01
     307  1.2280E+04  3.0577E-07 -7.2026E-06    2.0324E-08  2.8027E-07  5.1750E-09    1.6619E+00  5.7448E+01  4.2059E-01    5.95449E+01
     308  1.2320E+04  3.0560E-07 -7.1637E-06    2.0316E-08  2.8011E-07  5.1700E-09    1.6620E+00  5.7448E+01  4.2041E-01    5.95448E+01
     309  1.2360E+04  3.0542E-07 -7.1243E-06    2.0307E-08  2.7995E-07  5.1650E-09    1.6620E+00  5.7448E+01  4.2023E-01    5.95446E+01
     310  1.2400E+04  3.0525E-07 -7.0850E-06    2.0298E-08  2.7979E-07  5.1601E-09    1.6620E+00  5.7448E+01  4.2006E-01    5.95444E+01
     311  1.2440E+04  3.0508E-07 -7.0460E-06    2.0290E-08  2.7963E-07  5.1552E-09    1.6620E+00  5.7448E+01  4.1988E-01    5.95442E+01
     312  1.2480E+04  3.0491E-07 -7.0070E-06    2.0281E-08  2.7947E-07  5.1503E-09    1.6620E+00  5.7448E+01  4.1970E-01    5.95440E+01
     313  1.2520E+04  3.0474E-07 -6.9677E-06    2.0272E-08  2.7932E-07  5.1455E-09    1.6620E+00  5.7448E+01  4.1953E-01    5.95438E+01
     314  1.2560E+04  3.0457E-07 -6.9294E-06    2.0264E-08  2.7916E-07  5.1407E-09    1.6621E+00  5.7448E+01  4.1935E-01    5.95437E+01
     315  1.2600E+04  3.0440E-07 -6.8897E-06    2.0255E-08  2.7901E-07  5.1359E-09    1.6621E+00  5.7448E+01  4.1917E-01    5.95435E+01
     316  1.2640E+04  3.0423E-07 -6.8517E-06    2.0246E-08  2.7886E-07  5.1311E-09    1.6621E+00  5.7448E+01  4.1899E-01    5.95433E+01
     317  1.2680E+04  3.0407E-07 -6.8125E-06    2.0237E-08  2.7870E-07  5.1264E-09    1.6621E+00  5.7448E+01  4.1882E-01    5.95431E+01
     318  1.2720E+04  3.0390E-07 -6.7740E-06    2.0228E-08  2.7855E-07  5.1217E-09    1.6621E+00  5.7448E+01  4.1864E-01    5.95429E+01
     319  1.2760E+04  3.0374E-07 -6.7352E-06    2.0219E-08  2.7840E-07  5.1170E-09    1.6621E+00  5.7448E+01  4.1846E-01    5.95427E+01
     320  1.2800E+04  3.0358E-07 -6.6971E-06    2.0210E-08  2.7825E-07  5.1124E-09    1.6622E+00  5.7448E+01  4.1828E-01    5.95425E+01
     321  1.2840E+04  3.0341E-07 -6.6578E-06    2.0201E-08  2.7810E-07  5.1078E-09    1.6622E+00  5.7448E+01  4.1810E-01    5.95423E+01
     322  1.2880E+04  3.0325E-07 -6.6201E-06    2.0192E-08  2.7796E-07  5.1032E-09    1.6622E+00  5.7448E+01  4.1792E-01    5.95422E+01
     323  1.2920E+04  3.0309E-07 -6.5809E-06    2.0183E-08  2.7781E-07  5.0986E-09    1.6622E+00  5.7448E+01  4.1774E-01    5.95420E+01
     324  1.2960E+04  3.0293E-07 -6.5432E-06    2.0174E-08  2.7767E-07  5.0940E-09    1.6622E+00  5.7448E+01  4.1756E-01    5.95418E+01
     325  1.3000E+04  3.0278E-07 -6.5043E-06    2.0165E-08  2.7752E-07  5.0895E-09    1.6622E+00  5.7448E+01  4.1738E-01    5.95416E+01
     326  1.3040E+04  3.0262E-07 -6.4664E-06    2.0156E-08  2.7738E-07  5.0850E-09    1.6623E+00  5.7448E+01  4.1720E-01    5.95414E+01
     327  1.3080E+04  3.0247E-07 -6.4279E-06    2.0147E-08  2.7724E-07  5.0806E-09    1.6623E+00  5.7448E+01  4.1702E-01    5.95412E+01
     328  1.3120E+04  3.0231E-07 -6.3898E-06    2.0137E-08  2.7710E-07  5.0761E-09    1.6623E+00  5.7448E+01  4.1684E-01    5.95410E+01
     329  1.3160E+04  3.0216E-07 -6.3516E-06    2.0128E-08  2.7696E-07  5.0717E-09    1.6623E+00  5.7448E+01  4.1666E-01    5.95408E+01
     330  1.3200E+04  3.0200E-07 -6.3134E-06    2.0119E-08  2.7682E-07  5.0673E-09    1.6623E+00  5.7448E+01  4.1648E-01    5.95407E+01
     331  1.3240E+04  3.0185E-07 -6.2754E-06    2.0109E-08  2.7668E-07  5.0630E-09    1.6623E+00  5.7448E+01  4.1630E-01    5.95405E+01
     332  1.3280E+04  3.0170E-07 -6.2372E-06    2.0100E-08  2.7654E-07  5.0586E-09    1.6623E+00  5.7448E+01  4.1612E-01    5.95403E+01
     333  1.3320E+04  3.0155E-07 -6.1993E-06    2.0091E-08  2.7641E-07  5.0543E-09    1.6624E+00  5.7448E+01  4.1594E-01    5.95401E+01
     334  1.3360E+04  3.0140E-07 -6.1612E-06    2.0081E-08  2.7627E-07  5.0501E-09    1.6624E+00  5.7448E+01  4.1576E-01    5.95399E+01
     335  1.3400E+04  3.0126E-07 -6.1230E-06    2.0072E-08  2.7614E-07  5.0458E-09    1.6624E+00  5.7448E+01  4.1558E-01    5.95397E+01
     336  1.3440E+04  3.0111E-07 -6.0855E-06    2.0063E-08  2.7601E-07  5.0416E-09    1.6624E+00  5.7448E+01  4.1540E-01    5.95395E+01
     337  1.3480E+04  3.0096E-07 -6.0471E-06    2.0053E-08  2.7587E-07  5.0374E-09    1.6624E+00  5.7448E+01  4.1522E-01    5.95393E+01
     338  1.3520E+04  3.0082E-07 -6.0095E-06    2.0044E-08  2.7574E-07  5.0332E-09    1.6624E+00  5.7448E+01  4.1503E-01    5.95391E+01
     339  1.3560E+04  3.0068E-07 -5.9714E-06    2.0034E-08  2.7561E-07  5.0290E-09    1.6624E+00  5.7448E+01  4.1485E-01    5.95390E+01
     340  1.3600E+04  3.0053E-07 -5.9338E-06    2.0025E-08  2.7548E-07  5.0249E-09    1.6625E+00  5.7448E+01  4.1467E-01    5.95388E+01
     341  1.3640E+04  3.0039E-07 -5.8956E-06    2.0015E-08  2.7536E-07  5.0208E-09    1.6625E+00  5.7448E+01  4.1449E-01    5.95386E+01
     342  1.3680E+04  3.0025E-07 -5.8582E-06    2.0006E-08  2.7523E-07  5.0167E-09    1.6625E+00  5.7448E+01  4.1431E-01    5.95384E+01
     343  1.3720E+04  3.0011E-07 -5.8201E-06    1.9996E-08  2.7510E-07  5.0127E-09    1.6625E+00  5.7448E+01  4.1413E-01    5.95382E+01
     344  1.3760E+04  2.9997E-07 -5.7824E-06    1.9987E-08  2.7498E-07  5.0087E-09    1.6625E+00  5.7448E+01  4.1395E-01    5.95380E+01
     345  1.3800E+04  2.9983E-07 -5.7446E-06    1.9977E-08  2.7485E-07  5.0047E-09    1.6625E+00  5.7448E+01  4.1377E-01    5.95378E+01
     346  1.3840E+04  2.9970E-07 -5.7070E-06    1.9968E-08  2.7473E-07  5.0007E-09    1.6625E+00  5.7448E+01  4.1359E-01    5.95376E+01
     347  1.3880E+04  2.9956E-07 -5.6689E-06    1.9958E-08  2.7461E-07  4.9967E-09    1.6626E+00  5.7448E+01  4.1341E-01    5.95374E+01
     348  1.3920E+04  2.9943E-07 -5.6315E-06    1.9948E-08  2.7449E-07  4.9928E-09    1.6626E+00  5.7448E+01  4.1323E-01    5.95373E+01
     349  1.3960E+04  2.9929E-07 -5.5934E-06    1.9939E-08  2.7436E-07  4.9889E-09    1.6626E+00  5.7448E+01  4.1305E-01    5.95371E+01
     350  1.4000E+04  2.9916E-07 -5.5561E-06    1.9929E-08  2.7425E-07  4.9850E-09    1.6626E+00  5.7448E+01  4.1287E-01    5.95369E+01
     351  1.4040E+04  2.9903E-07 -5.5180E-06    1.9920E-08  2.7413E-07  4.9812E-09    1.6626E+00  5.7448E+01  4.1269E-01    5.95367E+01
     352  1.4080E+04  2.9890E-07 -5.4806E-06    1.9910E-08  2.7401E-07  4.9774E-09    1.6626E+00  5.7448E+01  4.1250E-01    5.95365E+01
     353  1.4120E+04  2.9877E-07 -5.4427E-06    1.9900E-08  2.7389E-07  4.9736E-09    1.6626E+00  5.7448E+01  4.1232E-01    5.95363E+01
     354  1.4160E+04  2.9864E-07 -5.4052E-06    1.9891E-08  2.7378E-07  4.9698E-09    1.6626E+00  5.7448E+01  4.1214E-01    5.95361E+01
     355  1.4200E+04  2.9851E-07 -5.3673E-06    1.9881E-08  2.7366E-07  4.9661E-09    1.6627E+00  5.7448E+01  4.1196E-01    5.95359E+01
     356  1.4240E+04  2.9838E-07 -5.3296E-06    1.9872E-08  2.7355E-07  4.9623E-09    1.6627E+00  5.7448E+01  4.1179E-01    5.95357E+01
     357  1.4280E+04  2.9826E-07 -5.2920E-06    1.9862E-08  2.7343E-07  4.9586E-09    1.6627E+00  5.7448E+01  4.1161E-01    5.95356E+01
     358  1.4320E+04  2.9813E-07 -5.2541E-06    1.9852E-08  2.7332E-07  4.9550E-09    1.6627E+00  5.7448E+01  4.1143E-01    5.95354E+01
     359  1.4360E+04  2.9801E-07 -5.2167E-06    1.9843E-08  2.7321E-07  4.9513E-09    1.6627E+00  5.7448E+01  4.1125E-01    5.95352E+01
     360  1.4400E+04  2.9788E-07 -5.1785E-06    1.9833E-08  2.7310E-07  4.9477E-09    1.6627E+00  5.7448E+01  4.1107E-01    5.95350E+01
     361  1.4440E+04  2.9776E-07 -5.1411E-06    1.9823E-08  2.7299E-07  4.9441E-09    1.6627E+00  5.7448E+01  4.1089E-01    5.95348E+01
     362  1.4480E+04  2.9764E-07 -5.1033E-06    1.9814E-08  2.7288E-07  4.9405E-09    1.6627E+00  5.7448E+01  4.1071E-01    5.95346E+01
     363  1.4520E+04  2.9752E-07 -5.0656E-06    1.9804E-08  2.7278E-07  4.9370E-09    1.6628E+00  5.7448E+01  4.1053E-01    5.95344E+01
     364  1.4560E+04  2.9740E-07 -5.0277E-06    1.9794E-08  2.7267E-07  4.9335E-09    1.6628E+00  5.7448E+01  4.1035E-01    5.95343E+01
     365  1.4600E+04  2.9728E-07 -4.9898E-06    1.9785E-08  2.7256E-07  4.9300E-09    1.6628E+00  5.7448E+01  4.1017E-01    5.95341E+01
     366  1.4640E+04  2.9716E-07 -4.9523E-06    1.9775E-08  2.7246E-07  4.9265E-09    1.6628E+00  5.7448E+01  4.1000E-01    5.95339E+01
     367  1.4680E+04  2.9704E-07 -4.9142E-06    1.9766E-08  2.7236E-07  4.9230E-09    1.6628E+00  5.7448E+01  4.0982E-01    5.95337E+01
     368  1.4720E+04  2.9693E-07 -4.8767E-06    1.9756E-08  2.7225E-07  4.9196E-09    1.6628E+00  5.7448E+01  4.0964E-01    5.95335E+01
     369  1.4760E+04  2.9681E-07 -4.8384E-06    1.9746E-08  2.7215E-07  4.9162E-09    1.6628E+00  5.7448E+01  4.0946E-01    5.95333E+01
     370  1.4800E+04  2.9670E-07 -4.8009E-06    1.9737E-08  2.7205E-07  4.9128E-09    1.6628E+00  5.7448E+01  4.0929E-01    5.95331E+01
     371  1.4840E+04  2.9659E-07 -4.7626E-06    1.9727E-08  2.7195E-07  4.9095E-09    1.6628E+00  5.7448E+01  4.0911E-01    5.95330E+01
     372  1.4880E+04  2.9647E-07 -4.7250E-06    1.9718E-08  2.7185E-07  4.9062E-09    1.6629E+00  5.7448E+01  4.0893E-01    5.95328E+01
     373  1.4920E+04  2.9636E-07 -4.6869E-06    1.9708E-08  2.7175E-07  4.9029E-09    1.6629E+00  5.7448E+01  4.0876E-01    5.95326E+01
     374  1.4960E+04  2.9625E-07 -4.6488E-06    1.9699E-08  2.7166E-07  4.8996E-09    1.6629E+00  5.7448E+01  4.0858E-01    5.95324E+01
     375  1.5000E+04  2.9614E-07 -4.6109E-06    1.9689E-08  2.7156E-07  4.8963E-09    1.6629E+00  5.7448E+01  4.0841E-01    5.95322E+01
     376  1.5040E+04  2.9604E-07 -4.5728E-06    1.9679E-08  2.7146E-07  4.8931E-09    1.6629E+00  5.7448E+01  4.0823E-01    5.95320E+01
     377  1.5080E+04  2.9593E-07 -4.5346E-06    1.9670E-08  2.7137E-07  4.8899E-09    1.6629E+00  5.7448E+01  4.0805E-01    5.95319E+01
     378  1.5120E+04  2.9582E-07 -4.4967E-06    1.9660E-08  2.7128E-07  4.8867E-09    1.6629E+00  5.7448E+01  4.0788E-01    5.95317E+01
     379  1.5160E+04  2.9572E-07 -4.4582E-06    1.9651E-08  2.7118E-07  4.8836E-09    1.6629E+00  5.7448E+01  4.0770E-01    5.95315E+01
     380  1.5200E+04  2.9561E-07 -4.4202E-06    1.9641E-08  2.7109E-07  4.8804E-09    1.6630E+00  5.7448E+01  4.0753E-01    5.95313E+01
     381  1.5240E+04  2.9551E-07 -4.3821E-06    1.9632E-08  2.7100E-07  4.8773E-09    1.6630E+00  5.7448E+01  4.0736E-01    5.95311E+01
     382  1.5280E+04  2.9541E-07 -4.3436E-06    1.9623E-08  2.7091E-07  4.8742E-09    1.6630E+00  5.7448E+01  4.0718E-01    5.95310E+01
     383  1.5320E+04  2.9530E-07 -4.3054E-06    1.9613E-08  2.7082E-07  4.8712E-09    1.6630E+00  5.7448E+01  4.0701E-01    5.95308E+01
     384  1.5360E+04  2.9520E-07 -4.2669E-06    1.9604E-08  2.7073E-07  4.8681E-09    1.6630E+00  5.7448E+01  4.0684E-01    5.95306E+01
     385  1.5400E+04  2.9510E-07 -4.2285E-06    1.9594E-08  2.7064E-07  4.8651E-09    1.6630E+00  5.7448E+01  4.0666E-01    5.95304E+01
     386  1.5440E+04  2.9500E-07 -4.1901E-06    1.9585E-08  2.7056E-07  4.8622E-09    1.6630E+00  5.7448E+01  4.0649E-01    5.95302E+01
     387  1.5480E+04  2.9491E-07 -4.1513E-06    1.9575E-08  2.7047E-07  4.8592E-09    1.6630E+00  5.7448E+01  4.0632E-01    5.95301E+01
     388  1.5520E+04  2.9481E-07 -4.1131E-06    1.9566E-08  2.7039E-07  4.8563E-09    1.6630E+00  5.7448E+01  4.0615E-01    5.95299E+01
     389  1.5560E+04  2.9471E-07 -4.0742E-06    1.9557E-08  2.7030E-07  4.8533E-09    1.6631E+00  5.7448E+01  4.0598E-01    5.95297E+01
     390  1.5600E+04  2.9462E-07 -4.0357E-06    1.9547E-08  2.7022E-07  4.8505E-09    1.6631E+00  5.7448E+01  4.0581E-01    5.95295E+01
     391  1.5640E+04  2.9452E-07 -3.9967E-06    1.9538E-08  2.7014E-07  4.8476E-09    1.6631E+00  5.7448E+01  4.0563E-01    5.95294E+01
     392  1.5680E+04  2.9443E-07 -3.9581E-06    1.9529E-08  2.7006E-07  4.8447E-09    1.6631E+00  5.7448E+01  4.0546E-01    5.95292E+01
     393  1.5720E+04  2.9434E-07 -3.9188E-06    1.9520E-08  2.6998E-07  4.8419E-09    1.6631E+00  5.7448E+01  4.0529E-01    5.95290E+01
     394  1.5760E+04  2.9425E-07 -3.8804E-06    1.9510E-08  2.6990E-07  4.8391E-09    1.6631E+00  5.7448E+01  4.0512E-01    5.95288E+01
     395  1.5800E+04  2.9416E-07 -3.8409E-06    1.9501E-08  2.6982E-07  4.8364E-09    1.6631E+00  5.7448E+01  4.0496E-01    5.95286E+01
     396  1.5840E+04  2.9407E-07 -3.8022E-06    1.9492E-08  2.6974E-07  4.8336E-09    1.6631E+00  5.7448E+01  4.0479E-01    5.95285E+01
     397  1.5880E+04  2.9398E-07 -3.7629E-06    1.9483E-08  2.6967E-07  4.8309E-09    1.6631E+00  5.7448E+01  4.0462E-01    5.95283E+01
     398  1.5920E+04  2.9389E-07 -3.7236E-06    1.9474E-08  2.6959E-07  4.8282E-09    1.6631E+00  5.7448E+01  4.0445E-01    5.95281E+01
     399  1.5960E+04  2.9380E-07 -3.6846E-06    1.9464E-08  2.6951E-07  4.8256E-09    1.6632E+00  5.7448E+01  4.0428E-01    5.95280E+01
     400  1.6000E+04  2.9372E-07 -3.6450E-06    1.9455E-08  2.6944E-07  4.8229E-09    1.6632E+00  5.7448E+01  4.0412E-01    5.95278E+01
     401  1.6040E+04  2.9363E-07 -3.6057E-06    1.9446E-08  2.6937E-07  4.8203E-09    1.6632E+00  5.7448E+01  4.0395E-01    5.95276E+01
     402  1.6080E+04  2.9355E-07 -3.5661E-06    1.9437E-08  2.6930E-07  4.8177E-09    1.6632E+00  5.7448E+01  4.0378E-01    5.95274E+01
     403  1.6120E+04  2.9347E-07 -3.5266E-06    1.9428E-08  2.6922E-07  4.8151E-09    1.6632E+00  5.7448E+01  4.0362E-01    5.95273E+01
     404  1.6160E+04  2.9339E-07 -3.4871E-06    1.9419E-08  2.6915E-07  4.8126E-09    1.6632E+00  5.7448E+01  4.0345E-01    5.95271E+01
     405  1.6200E+04  2.9331E-07 -3.4471E-06    1.9410E-08  2.6908E-07  4.8100E-09    1.6632E+00  5.7448E+01  4.0329E-01    5.95269E+01
     406  1.6240E+04  2.9323E-07 -3.4074E-06    1.9401E-08  2.6902E-07  4.8076E-09    1.6632E+00  5.7448E+01  4.0312E-01    5.95268E+01
     407  1.6280E+04  2.9315E-07 -3.3674E-06    1.9392E-08  2.6895E-07  4.8051E-09    1.6632E+00  5.7448E+01  4.0296E-01    5.95266E+01
     408  1.6320E+04  2.9307E-07 -3.3273E-06    1.9384E-08  2.6888E-07  4.8026E-09    1.6632E+00  5.7448E+01  4.0280E-01    5.95264E+01
     409  1.6360E+04  2.9299E-07 -3.2876E-06    1.9375E-08  2.6882E-07  4.8002E-09    1.6633E+00  5.7448E+01  4.0263E-01    5.95263E+01
     410  1.6400E+04  2.9291E-07 -3.2471E-06    1.9366E-08  2.6875E-07  4.7978E-09    1.6633E+00  5.7448E+01  4.0247E-01    5.95261E+01
     411  1.6440E+04  2.9284E-07 -3.2070E-06    1.9357E-08  2.6869E-07  4.7954E-09    1.6633E+00  5.7448E+01  4.0231E-01    5.95259E+01
     412  1.6480E+04  2.9277E-07 -3.1666E-06    1.9348E-08  2.6862E-07  4.7931E-09    1.6633E+00  5.7448E+01  4.0215E-01    5.95258E+01
     413  1.6520E+04  2.9269E-07 -3.1262E-06    1.9340E-08  2.6856E-07  4.7907E-09    1.6633E+00  5.7448E+01  4.0199E-01    5.95256E+01
     414  1.6560E+04  2.9262E-07 -3.0855E-06    1.9331E-08  2.6850E-07  4.7884E-09    1.6633E+00  5.7448E+01  4.0183E-01    5.95254E+01
     415  1.6600E+04  2.9255E-07 -3.0450E-06    1.9322E-08  2.6844E-07  4.7862E-09    1.6633E+00  5.7448E+01  4.0167E-01    5.95253E+01
     416  1.6640E+04  2.9248E-07 -3.0043E-06    1.9314E-08  2.6838E-07  4.7839E-09    1.6633E+00  5.7448E+01  4.0151E-01    5.95251E+01
     417  1.6680E+04  2.9241E-07 -2.9632E-06    1.9305E-08  2.6832E-07  4.7817E-09    1.6633E+00  5.7448E+01  4.0135E-01    5.95249E+01
     418  1.6720E+04  2.9234E-07 -2.9224E-06    1.9297E-08  2.6826E-07  4.7795E-09    1.6633E+00  5.7448E+01  4.0119E-01    5.95248E+01
     419  1.6760E+04  2.9227E-07 -2.8816E-06    1.9288E-08  2.6821E-07  4.7773E-09    1.6634E+00  5.7448E+01  4.0103E-01    5.95246E+01
     420  1.6800E+04  2.9221E-07 -2.8399E-06    1.9279E-08  2.6815E-07  4.7751E-09    1.6634E+00  5.7448E+01  4.0087E-01    5.95245E+01
     421  1.6840E+04  2.9214E-07 -2.7991E-06    1.9271E-08  2.6810E-07  4.7730E-09    1.6634E+00  5.7448E+01  4.0072E-01    5.95243E+01
     422  1.6880E+04  2.9208E-07 -2.7576E-06    1.9263E-08  2.6804E-07  4.7709E-09    1.6634E+00  5.7448E+01  4.0056E-01    5.95241E+01
     423  1.6920E+04  2.9201E-07 -2.7161E-06    1.9254E-08  2.6799E-07  4.7688E-09    1.6634E+00  5.7448E+01  4.0041E-01    5.95240E+01
     424  1.6960E+04  2.9195E-07 -2.6745E-06    1.9246E-08  2.6794E-07  4.7668E-09    1.6634E+00  5.7448E+01  4.0025E-01    5.95238E+01
     425  1.7000E+04  2.9189E-07 -2.6328E-06    1.9238E-08  2.6789E-07  4.7648E-09    1.6634E+00  5.7448E+01  4.0010E-01    5.95237E+01
     426  1.7040E+04  2.9183E-07 -2.5911E-06    1.9229E-08  2.6784E-07  4.7627E-09    1.6634E+00  5.7448E+01  3.9994E-01    5.95235E+01
     427  1.7080E+04  2.9177E-07 -2.5486E-06    1.9221E-08  2.6779E-07  4.7608E-09    1.6634E+00  5.7448E+01  3.9979E-01    5.95233E+01
     428  1.7120E+04  2.9171E-07 -2.5074E-06    1.9213E-08  2.6774E-07  4.7588E-09    1.6634E+00  5.7448E+01  3.9964E-01    5.95232E+01
     429  1.7160E+04  2.9165E-07 -2.4639E-06    1.9205E-08  2.6769E-07  4.7569E-09    1.6634E+00  5.7448E+01  3.9948E-01    5.95230E+01
     430  1.7200E+04  2.9160E-07 -2.4227E-06    1.9197E-08  2.6765E-07  4.7550E-09    1.6635E+00  5.7448E+01  3.9933E-01    5.95229E+01
     431  1.7240E+04  2.9154E-07 -2.3796E-06    1.9189E-08  2.6760E-07  4.7531E-09    1.6635E+00  5.7448E+01  3.9918E-01    5.95227E+01
     432  1.7280E+04  2.9149E-07 -2.3373E-06    1.9181E-08  2.6756E-07  4.7512E-09    1.6635E+00  5.7448E+01  3.9903E-01    5.95226E+01
     433  1.7320E+04  2.9143E-07 -2.2946E-06    1.9173E-08  2.6751E-07  4.7494E-09    1.6635E+00  5.7448E+01  3.9888E-01    5.95224E+01
     434  1.7360E+04  2.9138E-07 -2.2518E-06    1.9165E-08  2.6747E-07  4.7476E-09    1.6635E+00  5.7448E+01  3.9873E-01    5.95223E+01
     435  1.7400E+04  2.9133E-07 -2.2087E-06    1.9157E-08  2.6743E-07  4.7458E-09    1.6635E+00  5.7448E+01  3.9858E-01    5.95221E+01
     436  1.7440E+04  2.9128E-07 -2.1661E-06    1.9149E-08  2.6739E-07  4.7441E-09    1.6635E+00  5.7448E+01  3.9843E-01    5.95220E+01
     437  1.7480E+04  2.9123E-07 -2.1226E-06    1.9141E-08  2.6735E-07  4.7424E-09    1.6635E+00  5.7448E+01  3.9828E-01    5.95218E+01
     438  1.7520E+04  2.9118E-07 -2.0792E-06    1.9133E-08  2.6731E-07  4.7407E-09    1.6635E+00  5.7448E+01  3.9814E-01    5.95217E+01
     439  1.7560E+04  2.9113E-07 -2.0360E-06    1.9126E-08  2.6727E-07  4.7390E-09    1.6635E+00  5.7448E+01  3.9799E-01    5.95215E+01
     440  1.7600E+04  2.9109E-07 -1.9923E-06    1.9118E-08  2.6723E-07  4.7373E-09    1.6635E+00  5.7448E+01  3.9785E-01    5.95214E+01
     441  1.7640E+04  2.9104E-07 -1.9487E-06    1.9110E-08  2.6720E-07  4.7357E-09    1.6635E+00  5.7448E+01  3.9770E-01    5.95212E+01
     442  1.7680E+04  2.9100E-07 -1.9048E-06    1.9103E-08  2.6716E-07  4.7341E-09    1.6636E+00  5.7448E+01  3.9756E-01    5.95211E+01
     443  1.7720E+04  2.9095E-07 -1.8608E-06    1.9095E-08  2.6713E-07  4.7325E-09    1.6636E+00  5.7448E+01  3.9741E-01    5.95209E+01
     444  1.7760E+04  2.9091E-07 -1.8166E-06    1.9088E-08  2.6709E-07  4.7310E-09    1.6636E+00  5.7448E+01  3.9727E-01    5.95208E+01
     445  1.7800E+04  2.9087E-07 -1.7724E-06    1.9080E-08  2.6706E-07  4.7295E-09    1.6636E+00  5.7448E+01  3.9713E-01    5.95207E+01
     446  1.7840E+04  2.9083E-07 -1.7280E-06    1.9073E-08  2.6703E-07  4.7280E-09    1.6636E+00  5.7448E+01  3.9698E-01    5.95205E+01
     447  1.7880E+04  2.9079E-07 -1.6832E-06    1.9065E-08  2.6700E-07  4.7265E-09    1.6636E+00  5.7448E+01  3.9684E-01    5.95204E+01
     448  1.7920E+04  2.9075E-07 -1.6388E-06    1.9058E-08  2.6697E-07  4.7251E-09    1.6636E+00  5.7448E+01  3.9670E-01    5.95202E+01
     449  1.7960E+04  2.9072E-07 -1.5937E-06    1.9051E-08  2.6694E-07  4.7236E-09    1.6636E+00  5.7448E+01  3.9656E-01    5.95201E+01
     450  1.8000E+04  2.9068E-07 -1.5489E-06    1.9044E-08  2.6691E-07  4.7223E-09    1.6636E+00  5.7448E+01  3.9642E-01    5.95199E+01
     451  1.8040E+04  2.9065E-07 -1.5037E-06    1.9036E-08  2.6689E-07  4.7209E-09    1.6636E+00  5.7448E+01  3.9628E-01    5.95198E+01
     452  1.8080E+04  2.9061E-07 -1.4583E-06    1.9029E-08  2.6686E-07  4.7195E-09    1.6636E+00  5.7448E+01  3.9615E-01    5.95197E+01
     453  1.8120E+04  2.9058E-07 -1.4130E-06    1.9022E-08  2.6684E-07  4.7182E-09    1.6636E+00  5.7448E+01  3.9601E-01    5.95195E+01
     454  1.8160E+04  2.9055E-07 -1.3672E-06    1.9015E-08  2.6681E-07  4.7170E-09    1.6636E+00  5.7448E+01  3.9587E-01    5.95194E+01
     455  1.8200E+04  2.9052E-07 -1.3217E-06    1.9008E-08  2.6679E-07  4.7157E-09    1.6637E+00  5.7448E+01  3.9574E-01    5.95193E+01
     456  1.8240E+04  2.9049E-07 -1.2756E-06    1.9001E-08  2.6677E-07  4.7145E-09    1.6637E+00  5.7448E+01  3.9560E-01    5.95191E+01
     457  1.8280E+04  2.9046E-07 -1.2296E-06    1.8995E-08  2.6675E-07  4.7133E-09    1.6637E+00  5.7448E+01  3.9547E-01    5.95190E+01
     458  1.8320E+04  2.9043E-07 -1.1834E-06    1.8988E-08  2.6673E-07  4.7121E-09    1.6637E+00  5.7448E+01  3.9533E-01    5.95189E+01
     459  1.8360E+04  2.9040E-07 -1.1371E-06    1.8981E-08  2.6671E-07  4.7109E-09    1.6637E+00  5.7448E+01  3.9520E-01    5.95187E+01
     460  1.8400E+04  2.9038E-07 -1.0903E-06    1.8974E-08  2.6669E-07  4.7098E-09    1.6637E+00  5.7448E+01  3.9507E-01    5.95186E+01
     461  1.8440E+04  2.9035E-07 -1.0439E-06    1.8968E-08  2.6668E-07  4.7087E-09    1.6637E+00  5.7448E+01  3.9494E-01    5.95185E+01
     462  1.8480E+04  2.9033E-07 -9.9691E-07    1.8961E-08  2.6666E-07  4.7076E-09    1.6637E+00  5.7448E+01  3.9481E-01    5.95183E+01
     463  1.8520E+04  2.9031E-07 -9.4989E-07    1.8955E-08  2.6665E-07  4.7066E-09    1.6637E+00  5.7448E+01  3.9467E-01    5.95182E+01
     464  1.8560E+04  2.9029E-07 -9.0286E-07    1.8948E-08  2.6663E-07  4.7056E-09    1.6637E+00  5.7448E+01  3.9455E-01    5.95181E+01
     465  1.8600E+04  2.9027E-07 -8.5523E-07    1.8942E-08  2.6662E-07  4.7046E-09    1.6637E+00  5.7448E+01  3.9442E-01    5.95179E+01
     466  1.8640E+04  2.9025E-07 -8.0815E-07    1.8935E-08  2.6661E-07  4.7036E-09    1.6637E+00  5.7448E+01  3.9429E-01    5.95178E+01
     467  1.8680E+04  2.9023E-07 -7.6021E-07    1.8929E-08  2.6660E-07  4.7027E-09    1.6637E+00  5.7448E+01  3.9416E-01    5.95177E+01
     468  1.8720E+04  2.9022E-07 -7.1258E-07    1.8923E-08  2.6659E-07  4.7018E-09    1.6637E+00  5.7448E+01  3.9404E-01    5.95176E+01
     469  1.8760E+04  2.9020E-07 -6.6444E-07    1.8917E-08  2.6658E-07  4.7009E-09    1.6638E+00  5.7448E+01  3.9391E-01    5.95174E+01
     470  1.8800E+04  2.9019E-07 -6.1643E-07    1.8911E-08  2.6658E-07  4.7000E-09    1.6638E+00  5.7448E+01  3.9378E-01    5.95173E+01
     471  1.8840E+04  2.9017E-07 -5.6805E-07    1.8904E-08  2.6657E-07  4.6992E-09    1.6638E+00  5.7448E+01  3.9366E-01    5.95172E+01
     472  1.8880E+04  2.9016E-07 -5.1952E-07    1.8898E-08  2.6656E-07  4.6984E-09    1.6638E+00  5.7448E+01  3.9354E-01    5.95171E+01
     473  1.8920E+04  2.9015E-07 -4.7116E-07    1.8892E-08  2.6656E-07  4.6977E-09    1.6638E+00  5.7448E+01  3.9341E-01    5.95170E+01
     474  1.8960E+04  2.9014E-07 -4.2207E-07    1.8887E-08  2.6656E-07  4.6969E-09    1.6638E+00  5.7448E+01  3.9329E-01    5.95168E+01
     475  1.9000E+04  2.9013E-07 -3.7319E-07    1.8881E-08  2.6655E-07  4.6962E-09    1.6638E+00  5.7448E+01  3.9317E-01    5.95167E+01
     476  1.9040E+04  2.9012E-07 -3.2425E-07    1.8875E-08  2.6655E-07  4.6955E-09    1.6638E+00  5.7448E+01  3.9305E-01    5.95166E+01
     477  1.9080E+04  2.9012E-07 -2.7454E-07    1.8869E-08  2.6655E-07  4.6949E-09    1.6638E+00  5.7448E+01  3.9293E-01    5.95165E+01
     478  1.9120E+04  2.9011E-07 -2.2555E-07    1.8864E-08  2.6655E-07  4.6942E-09    1.6638E+00  5.7448E+01  3.9281E-01    5.95164E+01
     479  1.9160E+04  2.9011E-07 -1.7540E-07    1.8858E-08  2.6656E-07  4.6936E-09    1.6638E+00  5.7448E+01  3.9269E-01    5.95162E+01
     480  1.9200E+04  2.9011E-07 -1.2625E-07    1.8853E-08  2.6656E-07  4.6931E-09    1.6638E+00  5.7448E+01  3.9258E-01    5.95161E+01
     481  1.9240E+04  2.9010E-07 -7.5528E-08    1.8847E-08  2.6656E-07  4.6925E-09    1.6638E+00  5.7448E+01  3.9246E-01    5.95160E+01
     482  1.9280E+04  2.9010E-07 -2.6105E-08    1.8842E-08  2.6657E-07  4.6920E-09    1.6638E+00  5.7448E+01  3.9235E-01    5.95159E+01
     483  1.9320E+04  2.9010E-07  2.4693E-08    1.8836E-08  2.6658E-07  4.6915E-09    1.6638E+00  5.7448E+01  3.9223E-01    5.95158E+01
     484  1.9360E+04  2.9011E-07  7.4909E-08    1.8831E-08  2.6658E-07  4.6911E-09    1.6638E+00  5.7449E+01  3.9212E-01    5.95157E+01
     485  1.9400E+04  2.9011E-07  1.2563E-07    1.8826E-08  2.6659E-07  4.6906E-09    1.6638E+00  5.7449E+01  3.9200E-01    5.95156E+01
     486  1.9440E+04  2.9011E-07  1.7643E-07    1.8821E-08  2.6660E-07  4.6902E-09    1.6638E+00  5.7449E+01  3.9189E-01    5.95155E+01
     487  1.9480E+04  2.9012E-07  2.2745E-07    1.8816E-08  2.6661E-07  4.6899E-09    1.6639E+00  5.7449E+01  3.9178E-01    5.95154E+01
     488  1.9520E+04  2.9012E-07  2.7832E-07    1.8811E-08  2.6662E-07  4.6895E-09    1.6639E+00  5.7449E+01  3.9167E-01    5.95152E+01
     489  1.9560E+04  2.9013E-07  3.3008E-07    1.8806E-08  2.6664E-07  4.6892E-09    1.6639E+00  5.7449E+01  3.9156E-01    5.95151E+01
     490  1.9600E+04  2.9014E-07  3.8095E-07    1.8801E-08  2.6665E-07  4.6889E-09    1.6639E+00  5.7449E+01  3.9145E-01    5.95150E+01
     491  1.9640E+04  2.9015E-07  4.3325E-07    1.8796E-08  2.6667E-07  4.6887E-09    1.6639E+00  5.7449E+01  3.9134E-01    5.95149E+01
     492  1.9680E+04  2.9016E-07  4.8440E-07    1.8791E-08  2.6668E-07  4.6885E-09    1.6639E+00  5.7449E+01  3.9124E-01    5.95148E+01
     493  1.9720E+04  2.9017E-07  5.3698E-07    1.8786E-08  2.6670E-07  4.6883E-09    1.6639E+00  5.7449E+01  3.9113E-01    5.95147E+01
     494  1.9760E+04  2.9019E-07  5.8852E-07    1.8782E-08  2.6672E-07  4.6881E-09    1.6639E+00  5.7449E+01  3.9102E-01    5.95146E+01
     495  1.9800E+04  2.9020E-07  6.4140E-07    1.8777E-08  2.6674E-07  4.6880E-09    1.6639E+00  5.7449E+01  3.9092E-01    5.95145E+01
     496  1.9840E+04  2.9022E-07  6.9326E-07    1.8773E-08  2.6676E-07  4.6879E-09    1.6639E+00  5.7449E+01  3.9082E-01    5.95144E+01
     497  1.9880E+04  2.9024E-07  7.4638E-07    1.8768E-08  2.6678E-07  4.6878E-09    1.6639E+00  5.7449E+01  3.9071E-01    5.95143E+01
     498  1.9920E+04  2.9025E-07  7.9869E-07    1.8764E-08  2.6680E-07  4.6878E-09    1.6639E+00  5.7449E+01  3.9061E-01    5.95142E+01
     499  1.9960E+04  2.9027E-07  8.5193E-07    1.8760E-08  2.6683E-07  4.6877E-09    1.6639E+00  5.7449E+01  3.9051E-01    5.95141E+01
     500  2.0000E+04  2.9030E-07  9.0501E-07    1.8756E-08  2.6685E-07  4.6878E-09    1.6639E+00  5.7449E+01  3.9041E-01    5.95140E+01
