       0  0.000000E+00  9.153697E-04  0.000000E+00
       1  1.000000E-01  9.153697E-04  7.355384E-13
       2  2.000000E-01  9.153697E-04  1.946038E-12
       3  3.000000E-01  9.153697E-04  2.474299E-12
       4  4.000000E-01  9.153697E-04  2.140286E-12
       5  5.000000E-01  9.153697E-04  1.036387E-12
       6  6.000000E-01  9.153697E-04 -4.050791E-13
       7  7.000000E-01  9.153697E-04 -1.720994E-12
       8  8.000000E-01  9.153697E-04 -2.419223E-12
       9  9.000000E-01  9.153697E-04 -2.271167E-12
      10  1.000000E+00  9.153697E-04 -1.330128E-12
      11  1.100000E+00  9.153697E-04  8.824092E-14
      12  1.200000E+00  9.153697E-04  1.479960E-12
      13  1.300000E+00  9.153697E-04  2.348748E-12
      14  1.400000E+00  9.153697E-04  2.387835E-12
      15  1.500000E+00  9.153697E-04  1.594259E-12
      16  1.600000E+00  9.153697E-04  2.463639E-13
      17  1.700000E+00  9.153697E-04 -1.193325E-12
      18  1.800000E+00  9.153697E-04 -2.207207E-12
      19  1.900000E+00  9.153697E-04 -2.450610E-12
      20  2.000000E+00  9.153697E-04 -1.832332E-12
      21  2.100000E+00  9.153697E-04 -5.726776E-13
      22  2.200000E+00  9.153697E-04  8.960303E-13
      23  2.300000E+00  9.153697E-04  2.052638E-12
      24  2.400000E+00  9.153697E-04  2.480221E-12
      25  2.500000E+00  9.153697E-04  2.037240E-12
      26  2.600000E+00  9.153697E-04  8.871470E-13
      27  2.700000E+00  9.153697E-04 -5.691243E-13
      28  2.800000E+00  9.153697E-04 -1.840030E-12
      29  2.900000E+00  9.153697E-04 -2.449426E-12
      30  3.000000E+00  9.153697E-04 -2.203062E-12
      31  3.100000E+00  9.153697E-04 -1.171413E-12
      32  3.200000E+00  9.153697E-04  2.664994E-13
      33  3.300000E+00  9.153697E-04  1.613210E-12
      34  3.400000E+00  9.153697E-04  2.394941E-12
      35  3.500000E+00  9.153697E-04  2.339865E-12
      36  3.600000E+00  9.153697E-04  1.463378E-12
      37  3.700000E+00  9.153697E-04  7.402762E-14
      38  3.800000E+00  9.153697E-04 -1.339012E-12
      39  3.900000E+00  9.153697E-04 -2.278274E-12
      40  4.000000E+00  9.153697E-04 -2.425737E-12
      41  4.100000E+00  9.153697E-04 -1.709742E-12
      42  4.200000E+00  9.153697E-04 -3.896814E-13
      43  4.300000E+00  9.153697E-04  1.063629E-12
      44  4.400000E+00  9.153697E-04  2.137918E-12
      45  4.500000E+00  9.153697E-04  2.478445E-12
      46  4.600000E+00  9.153697E-04  1.945446E-12
      47  4.700000E+00  9.153697E-04  7.154029E-13
      48  4.800000E+00  9.153697E-04 -7.408684E-13
      49  4.900000E+00  9.153697E-04 -1.949591E-12
      50  5.000000E+00  9.153697E-04 -2.465416E-12
      51  5.100000E+00  9.153697E-04 -2.118374E-12
      52  5.200000E+00  9.153697E-04 -1.024542E-12
      53  5.300000E+00  9.153697E-04  4.323213E-13
      54  5.400000E+00  9.153697E-04  1.739353E-12
      55  5.500000E+00  9.153697E-04  2.439950E-12
      56  5.600000E+00  9.153697E-04  2.269391E-12
      57  5.700000E+00  9.153697E-04  1.321245E-12
      58  5.800000E+00  9.153697E-04 -1.012698E-13
      59  5.900000E+00  9.153697E-04 -1.477591E-12
      60  6.000000E+00  9.153697E-04 -2.344603E-12
      61  6.100000E+00  9.153697E-04 -2.375990E-12
      62  6.200000E+00  9.153697E-04 -1.585968E-12
      63  6.300000E+00  9.153697E-04 -2.208984E-13
      64  6.400000E+00  9.153697E-04  1.210500E-12
      65  6.500000E+00  9.153697E-04  2.222013E-12
      66  6.600000E+00  9.153697E-04  2.457125E-12
      67  6.700000E+00  9.153697E-04  1.825225E-12
      68  6.800000E+00  9.153697E-04  5.578721E-13
      69  6.900000E+00  9.153697E-04 -8.983992E-13
      70  7.000000E+00  9.153697E-04 -2.050861E-12
      71  7.100000E+00  9.153697E-04 -2.467192E-12
      72  7.200000E+00  9.153697E-04 -2.024211E-12
      73  7.300000E+00  9.153697E-04 -8.658270E-13
      74  7.400000E+00  9.153697E-04  6.011043E-13
      75  7.500000E+00  9.153697E-04  1.855428E-12
      76  7.600000E+00  9.153697E-04  2.463639E-12
      77  7.700000E+00  9.153697E-04  2.200693E-12
      78  7.800000E+00  9.153697E-04  1.178520E-12
      79  7.900000E+00  9.153697E-04 -2.641305E-13
      80  8.000000E+00  9.153697E-04 -1.620316E-12
      81  8.100000E+00  9.153697E-04 -2.393757E-12
      82  8.200000E+00  9.153697E-04 -2.326244E-12
      83  8.300000E+00  9.153697E-04 -1.443835E-12
      84  8.400000E+00  9.153697E-04 -4.974656E-14
      85  8.500000E+00  9.153697E-04  1.363293E-12
      86  8.600000E+00  9.153697E-04  2.293672E-12
      87  8.700000E+00  9.153697E-04  2.421591E-12
      88  8.800000E+00  9.153697E-04  1.701451E-12
      89  8.900000E+00  9.153697E-04  3.796136E-13
      90  9.000000E+00  9.153697E-04 -1.071920E-12
      91  9.100000E+00  9.153697E-04 -2.146209E-12
      92  9.200000E+00  9.153697E-04 -2.468377E-12
      93  9.300000E+00  9.153697E-04 -1.924126E-12
      94  9.400000E+00  9.153697E-04 -7.017818E-13
      95  9.500000E+00  9.153697E-04  7.645572E-13
      96  9.600000E+00  9.153697E-04  1.964397E-12
      97  9.700000E+00  9.153697E-04  2.477260E-12
      98  9.800000E+00  9.153697E-04  2.120743E-12
      99  9.900000E+00  9.153697E-04  1.022173E-12
     100  1.000000E+01  9.153697E-04 -4.394279E-13
