    0.000000    3.925502
    0.026026    3.912352
    0.045045    3.895290
    0.060060    3.877790
    0.073073    3.859961
    0.085085    3.841448
    0.096096    3.822842
    0.106106    3.804640
    0.116116    3.785274
    0.125125    3.766894
    0.134134    3.747657
    0.142142    3.729866
    0.150150    3.711454
    0.158158    3.692445
    0.166166    3.672865
    0.173173    3.655281
    0.180180    3.637293
    0.187187    3.618917
    0.194194    3.600166
    0.201201    3.581057
    0.208208    3.561602
    0.215215    3.541818
    0.221221    3.524606
    0.227227    3.507171
    0.233233    3.489519
    0.239239    3.471659
    0.245245    3.453599
    0.251251    3.435347
    0.257257    3.416912
    0.263263    3.398299
    0.269269    3.379518
    0.275275    3.360576
    0.281281    3.341479
    0.287287    3.322236
    0.293293    3.302853
    0.299299    3.283337
    0.304304    3.266977
    0.309309    3.250534
    0.314314    3.234010
    0.319319    3.217411
    0.324324    3.200739
    0.329329    3.184000
    0.334334    3.167195
    0.339339    3.150330
    0.344344    3.133408
    0.349349    3.116432
    0.354354    3.099405
    0.359359    3.082333
    0.364364    3.065216
    0.369369    3.048060
    0.374374    3.030868
    0.379379    3.013642
    0.384384    2.996386
    0.389389    2.979104
    0.394394    2.961798
    0.399399    2.944473
    0.404404    2.927131
    0.409409    2.909775
    0.414414    2.892408
    0.419419    2.875035
    0.424424    2.857657
    0.429429    2.840279
    0.434434    2.822902
    0.439439    2.805530
    0.444444    2.788166
    0.449449    2.770813
    0.454454    2.753474
    0.459459    2.736152
    0.464464    2.718849
    0.469469    2.701569
    0.474474    2.684315
    0.479479    2.667088
    0.484484    2.649893
    0.489489    2.632733
    0.493493    2.619031
    0.497497    2.605354
    0.501502    2.591703
    0.505506    2.578081
    0.509510    2.564488
    0.513514    2.550926
    0.517518    2.537396
    0.521522    2.523900
    0.525526    2.510440
    0.529530    2.497015
    0.533534    2.483629
    0.537538    2.470282
    0.541542    2.456976
    0.545546    2.443711
    0.549550    2.430491
    0.553554    2.417316
    0.557558    2.404187
    0.561562    2.391106
    0.565566    2.378074
    0.569570    2.365093
    0.573574    2.352164
    0.577578    2.339289
    0.581582    2.326468
    0.585586    2.313704
    0.589590    2.300998
    0.593594    2.288351
    0.597598    2.275765
    0.601602    2.263241
    0.605606    2.250781
    0.609610    2.238386
    0.613614    2.226058
    0.617618    2.213798
    0.621622    2.201607
    0.625626    2.189488
    0.629630    2.177442
    0.633634    2.165469
    0.638639    2.150610
    0.643644    2.135873
    0.648649    2.121259
    0.653654    2.106773
    0.658659    2.092416
    0.663664    2.078193
    0.668669    2.064106
    0.673674    2.050159
    0.678679    2.036353
    0.683684    2.022693
    0.688689    2.009182
    0.693694    1.995822
    0.698699    1.982616
    0.703704    1.969568
    0.708709    1.956680
    0.713714    1.943955
    0.718719    1.931396
    0.723724    1.919006
    0.728729    1.906788
    0.733734    1.894744
    0.738739    1.882878
    0.743744    1.871192
    0.748749    1.859688
    0.753754    1.848371
    0.758759    1.837242
    0.763764    1.826304
    0.768769    1.815559
    0.774775    1.802924
    0.780781    1.790572
    0.786787    1.778507
    0.792793    1.766731
    0.798799    1.755241
    0.804805    1.744035
    0.810811    1.733105
    0.816817    1.722440
    0.822823    1.712019
    0.828829    1.701813
    0.835836    1.690115
    0.842843    1.678540
    0.848849    1.668593
    0.854855    1.658466
    0.860861    1.647945
    0.866867    1.636729
    0.871872    1.626552
    0.876877    1.615277
    0.880881    1.605183
    0.884885    1.593841
    0.887888    1.584316
    0.890891    1.573735
    0.893894    1.561906
    0.896897    1.548612
    0.898899    1.538815
    0.900901    1.528178
    0.902903    1.516615
    0.904905    1.504036
    0.906907    1.490345
    0.908909    1.475441
    0.910911    1.459223
    0.912913    1.441582
    0.913914    1.432196
    0.914915    1.422414
    0.915916    1.412225
    0.916917    1.401615
    0.917918    1.390573
    0.918919    1.379086
    0.919920    1.367145
    0.920921    1.354739
    0.921922    1.341859
    0.922923    1.328496
    0.923924    1.314643
    0.924925    1.300293
    0.925926    1.285443
    0.926927    1.270088
    0.927928    1.254228
    0.928929    1.237862
    0.929930    1.220992
    0.930931    1.203623
    0.931932    1.185760
    0.932933    1.167412
    0.933934    1.148589
    0.934935    1.129305
    0.935936    1.109573
    0.936937    1.089413
    0.937938    1.068842
    0.938939    1.047885
    0.939940    1.026564
    0.940941    1.004906
    0.941942    0.982940
    0.942943    0.960697
    0.943944    0.938208
    0.944945    0.915507
    0.945946    0.892631
    0.946947    0.869614
    0.947948    0.846495
    0.948949    0.823313
    0.949950    0.800105
    0.950951    0.776910
    0.951952    0.753768
    0.952953    0.730715
    0.953954    0.707788
    0.954955    0.685026
    0.955956    0.662461
    0.956957    0.640130
    0.957958    0.618061
    0.958959    0.596286
    0.959960    0.574832
    0.960961    0.553724
    0.961962    0.532986
    0.962963    0.512642
    0.963964    0.492710
    0.964965    0.473210
    0.965966    0.454158
    0.966967    0.435567
    0.967968    0.417450
    0.968969    0.399817
    0.969970    0.382676
    0.970971    0.366032
    0.971972    0.349891
    0.972973    0.334255
    0.973974    0.319125
    0.974975    0.304500
    0.975976    0.290378
    0.976977    0.276755
    0.977978    0.263628
    0.978979    0.250990
    0.979980    0.238834
    0.980981    0.227152
    0.981982    0.215937
    0.982983    0.205178
    0.983984    0.194867
    0.984985    0.184992
    0.985986    0.175542
    0.986987    0.166507
    0.987988    0.157875
    0.988989    0.149634
    0.989990    0.141772
    0.990991    0.134278
    0.991992    0.127138
    0.992993    0.120342
    0.993994    0.113877
    0.994995    0.107731
    0.995996    0.101894
    0.996997    0.096354
    0.997998    0.091099
    0.998999    0.086119
    1.000000    0.081402
    1.001001    0.076700
    1.002002    0.072415
    1.003003    0.068353
    1.004004    0.064505
    1.005005    0.060861
    1.006006    0.057410
    1.007007    0.054145
    1.008008    0.051055
    1.009009    0.048133
    1.010010    0.045370
    1.011011    0.042758
    1.012012    0.040290
    1.013013    0.037958
    1.014014    0.035756
    1.015015    0.033676
    1.016016    0.031712
    1.017017    0.029859
    1.018018    0.028110
    1.019019    0.026459
    1.020020    0.024903
    1.021021    0.023435
    1.022022    0.022050
    1.023023    0.020745
    1.024024    0.019515
    1.025025    0.018356
    1.026026    0.017263
    1.027027    0.016234
    1.028028    0.015264
    1.029029    0.014351
    1.030030    0.013491
    1.031031    0.012681
    1.032032    0.011918
    1.033033    0.011200
    1.034034    0.010524
    1.035035    0.009888
    1.036036    0.009290
    1.037037    0.008727
    1.038038    0.008197
    1.039039    0.007699
    1.040040    0.007230
    1.041041    0.006789
    1.042042    0.006374
    1.043043    0.005984
    1.044044    0.005617
    1.045045    0.005273
    1.046046    0.004949
    1.047047    0.004644
    1.048048    0.004358
    1.049049    0.004089
    1.050050    0.003836
    1.051051    0.003598
    1.052052    0.003375
    1.053053    0.003166
    1.054054    0.002969
    1.055055    0.002784
    1.056056    0.002610
    1.057057    0.002447
    1.058058    0.002293
    1.059059    0.002150
    1.060060    0.002015
    1.061061    0.001888
    1.062062    0.001769
    1.063063    0.001657
    1.064064    0.001552
    1.065065    0.001454
    1.066066    0.001362
    1.067067    0.001275
    1.068068    0.001194
    1.069069    0.001117
    1.070070    0.001046
    1.071071    0.000979
    1.072072    0.000916
    1.073073    0.000857
    1.074074    0.000802
    1.075075    0.000750
    1.076076    0.000701
    1.077077    0.000656
    1.078078    0.000613
    1.079079    0.000573
    1.080080    0.000536
    1.081081    0.000501
    1.082082    0.000468
    1.083083    0.000437
    1.084084    0.000408
    1.085085    0.000381
    1.086086    0.000356
    1.087087    0.000332
    1.088088    0.000310
    1.089089    0.000289
    1.090090    0.000270
    1.091091    0.000252
    1.092092    0.000235
    1.093093    0.000219
    1.094094    0.000204
    1.095095    0.000190
    1.096096    0.000177
    1.097097    0.000165
    1.098098    0.000154
    1.099099    0.000143
