 0.000000   107.340365   -321.418534
 0.004004   106.122296   -290.582169
 0.008008   104.984752   -281.196240
 0.012012   103.862665   -277.661431
 0.017017   102.548317   -237.752885
 0.022022   101.460025   -211.469373
 0.027027   100.377774   -217.392646
 0.033033   99.123413   -194.703762
 0.039039   98.021014   -180.994278
 0.045045   96.924640   -179.606071
 0.052052   95.715863   -166.988196
 0.059059   94.563307   -163.429203
 0.066066   93.436332   -155.259652
 0.073073   92.379174   -150.653190
 0.080080   91.324402   -146.335528
 0.087087   90.332616   -140.223562
 0.094094   89.350186   -138.016476
 0.102102   88.273871   -132.169120
 0.110110   87.227230   -128.619469
 0.118118   86.215938   -124.305834
 0.126126   85.235346   -120.366954
 0.134134   84.287609   -116.626933
 0.142142   83.368279   -112.575051
 0.151151   82.371297   -109.799935
 0.160160   81.394755   -105.408713
 0.169169   80.467500   -102.529604
 0.178178   79.546798   -99.842499
 0.187187   78.671255   -96.250205
 0.197197   77.709477   -94.870041
 0.207207   76.781433   -90.649085
 0.217217   75.881715   -90.314079
 0.227227   74.985982   -86.191392
 0.237237   74.146818   -84.868714
 0.247247   73.285551   -83.952785
 0.258258   72.400728   -79.050709
 0.269269   71.523039   -80.048841
 0.279279   70.733209   -76.598066
 0.290290   69.908943   -75.192865
 0.301301   69.078042   -73.588306
 0.312312   68.288264   -72.015258
 0.324324   67.425456   -68.793735
 0.336336   66.628894   -67.237315
 0.348348   65.795542   -69.327867
 0.359359   65.042210   -68.643158
 0.372372   64.174786   -61.074626
 0.385385   63.440821   -56.240191
 0.398398   62.654997   -64.334461
 0.409409   61.921712   -67.947937
 0.419419   61.239016   -68.304766
 0.431431   60.432023   -64.992528
 0.442442   59.731463   -63.870975
 0.453453   59.006466   -67.923089
 0.464464   58.260269   -65.270180
 0.475475   57.569104   -62.612031
 0.486486   56.862100   -65.219236
 0.496496   56.200385   -67.491947
 0.506507   55.521370   -66.629746
 0.517518   54.807719   -64.202328
 0.527528   54.158819   -65.528211
 0.537538   53.495985   -66.811629
 0.547548   52.820293   -68.381448
 0.556557   52.201549   -68.315924
 0.566567   51.524037   -67.561026
 0.575576   50.911884   -68.376152
 0.584585   50.291892   -69.238873
 0.593594   49.664693   -69.982878
 0.602603   49.030864   -70.751741
 0.611612   48.388840   -71.869148
 0.619620   47.809609   -72.637612
 0.627628   47.226516   -73.016058
 0.635636   46.639838   -73.523660
 0.643644   46.049987   -73.646723
 0.651652   45.457062   -74.986661
 0.659660   44.838078   -80.417788
 0.666667   44.252911   -86.256304
 0.673674   43.637907   -88.401771
 0.680681   43.021626   -87.302577
 0.687688   42.406034   -89.805562
 0.693694   41.855205   -92.654432
 0.699700   41.298830   -92.625079
 0.705706   40.742348   -92.717387
 0.711712   40.186052   -92.337920
 0.717718   39.630028   -93.534741
 0.723724   39.058713   -96.629078
 0.729730   38.473558   -97.605699
 0.735736   37.888806   -97.316884
 0.740741   37.402149   -96.938181
 0.745746   36.915650   -98.240140
 0.750751   36.415460   -101.522880
 0.755756   35.903279   -102.483471
 0.760761   35.393489   -101.112926
 0.765766   34.886120   -102.749856
 0.770771   34.357486   -108.867780
 0.775776   33.803220   -110.869412
 0.780781   33.251176   -110.776518
 0.784785   32.807927   -109.329525
 0.789790   32.260998   -112.506486
 0.793794   31.796763   -117.604494
 0.797798   31.325645   -117.888619
 0.801802   30.854792   -116.612268
 0.805806   30.386817   -119.078805
 0.809810   29.886615   -132.479725
 0.813814   29.339894   -135.409993
 0.817818   28.811346   -131.525213
 0.820821   28.397466   -148.581543
 0.823824   27.928585   -156.026707
 0.826827   27.473601   -150.252846
 0.829830   27.000921   -169.698890
 0.832833   26.465274   -178.269731
 0.835836   25.933576   -183.499226
 0.837838   25.549607   -198.978681
 0.839840   25.147140   -199.060848
 0.841842   24.753984   -197.017999
 0.843844   24.346579   -212.508190
 0.845846   23.907697   -221.110033
 0.847848   23.469168   -217.852017
 0.849850   23.026444   -228.040320
 0.851852   22.553927   -241.475479
 0.853854   22.069542   -239.975469
 0.855856   21.588469   -245.361038
 0.857858   21.080186   -261.130763
 0.859860   20.545411   -273.137866
 0.861862   19.994901   -272.616791
 0.863864   19.447341   -281.853752
 0.865866   18.857586   -304.235236
 0.866867   18.549811   -310.643005
 0.867868   18.235942   -316.259620
 0.868869   17.916901   -321.149611
 0.869870   17.593109   -325.710528
 0.870871   17.264964   -329.862147
 0.871872   16.932769   -333.881777
 0.872873   16.596445   -338.163461
 0.873874   16.255642   -342.813131
 0.874875   15.910030   -347.767841
 0.875876   15.559326   -352.975516
 0.876877   15.203280   -358.460857
 0.877878   14.841674   -363.982245
 0.878879   14.475000   -368.264394
 0.879880   14.104770   -371.460879
 0.880881   13.731064   -375.469588
 0.881882   13.352059   -382.538155
 0.882883   12.961695   -400.176150
 0.883884   12.549383   -422.374965
 0.884885   12.120409   -431.658301
 0.885886   11.688186   -431.999273
 0.886887   11.254391   -435.801075
 0.887888   10.814636   -442.828289
 0.888889   10.368315   -448.455178
 0.889890   9.917497   -452.074718
 0.890891   9.462953   -456.614913
 0.891892   9.003010   -462.183875
 0.892893   8.537703   -467.624346
 0.893894   8.060736   -491.312240
 0.894895   7.552404   -520.067246
 0.895896   7.027354   -525.465337
 0.896897   6.503412   -521.900601
 0.897898   5.977533   -533.246102
 0.898899   5.437993   -538.175937
 0.899900   4.903128   -534.041459
 0.900901   4.360883   -553.756320
 0.901902   3.796036   -568.888998
 0.902903   3.227947   -566.098431
 0.903904   2.660628   -569.533768
 0.904905   2.090440   -564.875472
 0.905906   1.517070   -598.207811
 0.906907   0.893642   -629.096416
 0.907908   0.268714   -626.729590
 0.908909   -0.360060   -621.329716
 0.909910   -0.981019   -633.401033
 0.910911   -1.639854   -680.607279
 0.911912   -2.327813   -680.511194
 0.912913   -3.000118   -674.059017
 0.913914   -3.696550   -725.358149
 0.914915   -4.441908   -745.554304
 0.915916   -5.173947   -720.183399
 0.916917   -5.908608   -769.411413
 0.917918   -6.704232   -788.435679
 0.918919   -7.487190   -807.856598
 0.919920   -8.325575   -839.304201
 0.920921   -9.161464   -852.725169
 0.921922   -10.036076   -876.166546
 0.922923   -10.903014   -862.035814
 0.923924   -11.781870   -907.834333
 0.924925   -12.711410   -926.389230
 0.925926   -13.638282   -950.274777
 0.926927   -14.624243   -1005.271538
 0.927928   -15.641910   -1033.511698
 0.928929   -16.697149   -1073.181275
 0.929930   -17.785083   -1096.854322
 0.930931   -18.894280   -1124.202376
 0.931932   -20.040480   -1165.760830
 0.932933   -21.228322   -1207.878648
 0.933934   -22.457741   -1247.253876
 0.934935   -23.722076   -1276.887780
 0.935936   -25.013429   -1304.591729
 0.936937   -26.336134   -1339.074497
 0.937938   -27.694560   -1374.461586
 0.938939   -29.082521   -1394.002936
 0.939940   -30.482557   -1405.152847
 0.940941   -31.898363   -1424.462494
 0.941942   -33.328899   -1427.483700
 0.942943   -34.751405   -1416.169826
 0.943944   -36.163919   -1404.394277
 0.944945   -37.557554   -1376.281841
 0.945946   -38.915242   -1336.193132
 0.946947   -40.229925   -1288.043461
 0.947948   -41.487500   -1220.688461
 0.948949   -42.669770   -1141.417581
 0.949950   -43.768875   -1050.924124
 0.950951   -44.768332   -944.276910
 0.951952   -45.656388   -828.842933
 0.952953   -46.422380   -697.533094
 0.953954   -47.051944   -563.505700
 0.954955   -47.546432   -417.227984
 0.958959   -47.940723   202.950132
 0.959960   -47.658037   370.286697
 0.960961   -47.202319   528.900795
 0.961962   -46.605788   667.700388
 0.962963   -45.865608   806.418867
 0.963964   -44.996462   929.773702
 0.964965   -44.005872   1048.115813
 0.965966   -42.903521   1150.308480
 0.966967   -41.703550   1250.708906
 0.967968   -40.404389   1336.752253
 0.968969   -39.037645   1392.001670
 0.969970   -37.621065   1436.864132
 0.970971   -36.164633   1470.958459
 0.971972   -34.680285   1492.820654
 0.972973   -33.180511   1501.170289
 0.973974   -31.673037   1515.219284
 0.974975   -30.147264   1528.594575
 0.975976   -28.621617   1515.509380
 0.976977   -27.115225   1496.390096
 0.977978   -25.625091   1479.518757
 0.978979   -24.157203   1450.724879
 0.979980   -22.721209   1420.515256
 0.980981   -21.313816   1388.846648
 0.981982   -19.943115   1350.047208
 0.982983   -18.610751   1312.050265
 0.983984   -17.316604   1273.402595
 0.984985   -16.061955   1233.081695
 0.985986   -14.848395   1191.493187
 0.986987   -13.676520   1150.093734
 0.987988   -12.545311   1110.475176
 0.988989   -11.453782   1069.549927
 0.989990   -10.403824   1029.362062
 0.990991   -9.393168   988.661997
 0.991992   -8.422779   953.183173
 0.992993   -7.486624   912.517703
 0.993994   -6.601053   856.458806
 0.994995   -5.755892   848.651551
 0.995996   -4.914983   802.085959
 0.996997   -4.148029   761.769606
 0.997998   -3.382888   742.523193
 0.998999   -2.674827   683.325435
 1.000000   -1.992564   690.977123
