       0  0.0000E+00  1.7205E-07  0.0000E+00    1.7205E-07  0.0000E+00  0.0000E+00    0.0000E+00  0.0000E+00  0.0000E+00    1.72053E-07
       1  1.0000E+01  1.7252E-07  1.3580E-04    1.7250E-07  2.0666E-11  1.2859E-15    0.0000E+00  0.0000E+00  0.0000E+00    1.72521E-07
       2  2.0000E+01  1.8718E-07  4.0744E-03    1.0869E-07  7.8463E-08  1.9079E-11    0.0000E+00  0.0000E+00  0.0000E+00    1.87177E-07
       3  3.0000E+01  1.4742E-07 -1.1881E-02    7.9072E-08  6.8342E-08  9.1452E-12    0.0000E+00  0.0000E+00  0.0000E+00    1.47423E-07
       4  4.0000E+01  1.7522E-07  8.6160E-03    8.2261E-08  9.2944E-08  1.6603E-11    0.0000E+00  0.0000E+00  0.0000E+00    1.75222E-07
       5  5.0000E+01  1.6323E-07 -3.5430E-03    7.7893E-08  8.5326E-08  1.2055E-11    0.0000E+00  0.0000E+00  0.0000E+00    1.63231E-07
       6  6.0000E+01  1.8076E-07  5.0954E-03    7.7507E-08  1.0324E-07  1.4668E-11    0.0000E+00  0.0000E+00  0.0000E+00    1.80758E-07
       7  7.0000E+01  1.9114E-07  2.7924E-03    7.7390E-08  1.1374E-07  1.5196E-11    0.0000E+00  0.0000E+00  0.0000E+00    1.91143E-07
       8  8.0000E+01  1.9452E-07  8.7579E-04    7.5518E-08  1.1899E-07  1.2791E-11    0.0000E+00  0.0000E+00  0.0000E+00    1.94521E-07
       9  9.0000E+01  2.1903E-07  5.9254E-03    7.4315E-08  1.4469E-07  1.7757E-11    0.0000E+00  0.0000E+00  0.0000E+00    2.19025E-07
      10  1.0000E+02  2.3007E-07  2.4603E-03    7.2283E-08  1.5777E-07  1.6792E-11    0.0000E+00  0.0000E+00  0.0000E+00    2.30074E-07
      11  1.1000E+02  2.5916E-07  5.9449E-03    6.9888E-08  1.8925E-07  1.9236E-11    0.0000E+00  0.0000E+00  0.0000E+00    2.59159E-07
      12  1.2000E+02  3.0244E-07  7.7068E-03    6.8381E-08  2.3403E-07  2.4794E-11    0.0000E+00  0.0000E+00  0.0000E+00    3.02440E-07
      13  1.3000E+02  3.3953E-07  5.7781E-03    6.6272E-08  2.7324E-07  2.5584E-11    0.0000E+00  0.0000E+00  0.0000E+00    3.39534E-07
      14  1.4000E+02  4.0340E-07  8.5968E-03    6.4380E-08  3.3899E-07  3.2970E-11    0.0000E+00  0.0000E+00  0.0000E+00    4.03403E-07
      15  1.5000E+02  4.6828E-07  7.4430E-03    6.2827E-08  4.0542E-07  3.8251E-11    0.0000E+00  0.0000E+00  0.0000E+00    4.68283E-07
      16  1.6000E+02  5.4867E-07  7.9044E-03    6.0960E-08  4.8766E-07  4.4312E-11    0.0000E+00  0.0000E+00  0.0000E+00    5.48667E-07
      17  1.7000E+02  6.5233E-07  8.6316E-03    5.9404E-08  5.9287E-07  5.5009E-11    0.0000E+00  0.0000E+00  0.0000E+00    6.52332E-07
      18  1.8000E+02  7.6251E-07  7.7872E-03    5.7813E-08  7.0463E-07  6.2821E-11    0.0000E+00  0.0000E+00  0.0000E+00    7.62509E-07
      19  1.9000E+02  8.9403E-07  7.9394E-03    5.6173E-08  8.3778E-07  7.4895E-11    0.0000E+00  0.0000E+00  0.0000E+00    8.94028E-07
      20  2.0000E+02  1.0449E-06  7.7800E-03    5.4897E-08  9.8989E-07  8.8280E-11    0.0000E+00  0.0000E+00  0.0000E+00    1.04487E-06
      21  2.1000E+02  1.2125E-06  7.4239E-03    5.3512E-08  1.1588E-06  1.0095E-10    0.0000E+00  0.0000E+00  0.0000E+00    1.21246E-06
      22  2.2000E+02  1.4097E-06  7.5213E-03    5.2243E-08  1.3573E-06  1.1831E-10    0.0000E+00  0.0000E+00  0.0000E+00    1.40967E-06
      23  2.3000E+02  1.6194E-06  6.9230E-03    5.1102E-08  1.5681E-06  1.3483E-10    0.0000E+00  0.0000E+00  0.0000E+00    1.61937E-06
      24  2.4000E+02  1.8534E-06  6.7401E-03    4.9877E-08  1.8034E-06  1.5366E-10    0.0000E+00  0.0000E+00  0.0000E+00    1.85345E-06
      25  2.5000E+02  2.1170E-06  6.6380E-03    4.8880E-08  2.0679E-06  1.7564E-10    0.0000E+00  0.0000E+00  0.0000E+00    2.11700E-06
      26  2.6000E+02  2.3991E-06  6.2456E-03    4.7952E-08  2.3509E-06  1.9640E-10    0.0000E+00  0.0000E+00  0.0000E+00    2.39906E-06
      27  2.7000E+02  2.7082E-06  6.0531E-03    4.6981E-08  2.6610E-06  2.2139E-10    0.0000E+00  0.0000E+00  0.0000E+00    2.70821E-06
      28  2.8000E+02  3.0403E-06  5.7763E-03    4.6132E-08  2.9939E-06  2.4713E-10    0.0000E+00  0.0000E+00  0.0000E+00    3.04026E-06
      29  2.9000E+02  3.3968E-06  5.5396E-03    4.5287E-08  3.3513E-06  2.7344E-10    0.0000E+00  0.0000E+00  0.0000E+00    3.39685E-06
      30  3.0000E+02  3.7860E-06  5.4184E-03    4.4577E-08  3.7412E-06  3.0410E-10    0.0000E+00  0.0000E+00  0.0000E+00    3.78604E-06
      31  3.1000E+02  4.1928E-06  5.0983E-03    4.3913E-08  4.1486E-06  3.3353E-10    0.0000E+00  0.0000E+00  0.0000E+00    4.19282E-06
      32  3.2000E+02  4.6301E-06  4.9561E-03    4.3175E-08  4.5866E-06  3.6535E-10    0.0000E+00  0.0000E+00  0.0000E+00    4.63010E-06
      33  3.3000E+02  5.0925E-06  4.7561E-03    4.2566E-08  5.0496E-06  3.9924E-10    0.0000E+00  0.0000E+00  0.0000E+00    5.09252E-06
      34  3.4000E+02  5.5793E-06  4.5612E-03    4.1997E-08  5.5368E-06  4.3374E-10    0.0000E+00  0.0000E+00  0.0000E+00    5.57927E-06
      35  3.5000E+02  6.0947E-06  4.4150E-03    4.1426E-08  6.0528E-06  4.7052E-10    0.0000E+00  0.0000E+00  0.0000E+00    6.09468E-06
      36  3.6000E+02  6.6263E-06  4.1791E-03    4.0936E-08  6.5849E-06  5.0739E-10    0.0000E+00  0.0000E+00  0.0000E+00    6.62631E-06
      37  3.7000E+02  7.1871E-06  4.0599E-03    4.0430E-08  7.1461E-06  5.4572E-10    0.0000E+00  0.0000E+00  0.0000E+00    7.18712E-06
      38  3.8000E+02  7.7768E-06  3.9406E-03    3.9969E-08  7.7362E-06  5.8676E-10    0.0000E+00  0.0000E+00  0.0000E+00    7.77679E-06
      39  3.9000E+02  8.3854E-06  3.7654E-03    3.9581E-08  8.3452E-06  6.2646E-10    0.0000E+00  0.0000E+00  0.0000E+00    8.38537E-06
      40  4.0000E+02  9.0195E-06  3.6435E-03    3.9196E-08  8.9796E-06  6.6862E-10    0.0000E+00  0.0000E+00  0.0000E+00    9.01951E-06
      41  4.1000E+02  9.6741E-06  3.5016E-03    3.8871E-08  9.6345E-06  7.1119E-10    0.0000E+00  0.0000E+00  0.0000E+00    9.67409E-06
      42  4.2000E+02  1.0348E-05  3.3666E-03    3.8563E-08  1.0309E-05  7.5344E-10    0.0000E+00  0.0000E+00  0.0000E+00    1.03481E-05
      43  4.3000E+02  1.1042E-05  3.2443E-03    3.8279E-08  1.1003E-05  7.9824E-10    0.0000E+00  0.0000E+00  0.0000E+00    1.10421E-05
      44  4.4000E+02  1.1749E-05  3.0996E-03    3.8043E-08  1.1710E-05  8.4202E-10    0.0000E+00  0.0000E+00  0.0000E+00    1.17485E-05
      45  4.5000E+02  1.2484E-05  3.0341E-03    3.7779E-08  1.2445E-05  8.8647E-10    0.0000E+00  0.0000E+00  0.0000E+00    1.24838E-05
      46  4.6000E+02  1.3239E-05  2.9352E-03    3.7551E-08  1.3200E-05  9.3275E-10    0.0000E+00  0.0000E+00  0.0000E+00    1.32388E-05
      47  4.7000E+02  1.4005E-05  2.8142E-03    3.7367E-08  1.3967E-05  9.7728E-10    0.0000E+00  0.0000E+00  0.0000E+00    1.40055E-05
      48  4.8000E+02  1.4793E-05  2.7332E-03    3.7165E-08  1.4754E-05  1.0226E-09    0.0000E+00  0.0000E+00  0.0000E+00    1.47926E-05
      49  4.9000E+02  1.5593E-05  2.6334E-03    3.7006E-08  1.5555E-05  1.0685E-09    0.0000E+00  0.0000E+00  0.0000E+00    1.55927E-05
      50  5.0000E+02  1.6404E-05  2.5360E-03    3.6874E-08  1.6366E-05  1.1137E-09    0.0000E+00  0.0000E+00  0.0000E+00    1.64042E-05
      51  5.1000E+02  1.7229E-05  2.4532E-03    3.6752E-08  1.7191E-05  1.1598E-09    0.0000E+00  0.0000E+00  0.0000E+00    1.72293E-05
      52  5.2000E+02  1.8065E-05  2.3665E-03    3.6669E-08  1.8027E-05  1.2041E-09    0.0000E+00  0.0000E+00  0.0000E+00    1.80645E-05
      53  5.3000E+02  1.8914E-05  2.2960E-03    3.6591E-08  1.8876E-05  1.2497E-09    0.0000E+00  0.0000E+00  0.0000E+00    1.89135E-05
      54  5.4000E+02  1.9772E-05  2.2188E-03    3.6532E-08  1.9734E-05  1.2947E-09    0.0000E+00  0.0000E+00  0.0000E+00    1.97719E-05
      55  5.5000E+02  2.0636E-05  2.1376E-03    3.6484E-08  2.0598E-05  1.3378E-09    0.0000E+00  0.0000E+00  0.0000E+00    2.06356E-05
      56  5.6000E+02  2.1505E-05  2.0630E-03    3.6432E-08  2.1467E-05  1.3824E-09    0.0000E+00  0.0000E+00  0.0000E+00    2.15050E-05
      57  5.7000E+02  2.2376E-05  1.9857E-03    3.6420E-08  2.2339E-05  1.4255E-09    0.0000E+00  0.0000E+00  0.0000E+00    2.23763E-05
      58  5.8000E+02  2.3251E-05  1.9172E-03    3.6412E-08  2.3213E-05  1.4670E-09    0.0000E+00  0.0000E+00  0.0000E+00    2.32511E-05
      59  5.9000E+02  2.4136E-05  1.8668E-03    3.6404E-08  2.4098E-05  1.5101E-09    0.0000E+00  0.0000E+00  0.0000E+00    2.41357E-05
      60  6.0000E+02  2.5020E-05  1.7989E-03    3.6423E-08  2.4982E-05  1.5507E-09    0.0000E+00  0.0000E+00  0.0000E+00    2.50200E-05
      61  6.1000E+02  2.5909E-05  1.7459E-03    3.6441E-08  2.5871E-05  1.5909E-09    0.0000E+00  0.0000E+00  0.0000E+00    2.59092E-05
      62  6.2000E+02  2.6800E-05  1.6894E-03    3.6481E-08  2.6761E-05  1.6306E-09    0.0000E+00  0.0000E+00  0.0000E+00    2.67996E-05
      63  6.3000E+02  2.7685E-05  1.6259E-03    3.6546E-08  2.7647E-05  1.6687E-09    0.0000E+00  0.0000E+00  0.0000E+00    2.76855E-05
      64  6.4000E+02  2.8573E-05  1.5772E-03    3.6599E-08  2.8534E-05  1.7065E-09    0.0000E+00  0.0000E+00  0.0000E+00    2.85728E-05
      65  6.5000E+02  2.9457E-05  1.5236E-03    3.6658E-08  2.9419E-05  1.7429E-09    0.0000E+00  0.0000E+00  0.0000E+00    2.94569E-05
      66  6.6000E+02  3.0338E-05  1.4730E-03    3.6722E-08  3.0299E-05  1.7789E-09    0.0000E+00  0.0000E+00  0.0000E+00    3.03377E-05
      67  6.7000E+02  3.1216E-05  1.4272E-03    3.6791E-08  3.1178E-05  1.8134E-09    0.0000E+00  0.0000E+00  0.0000E+00    3.12161E-05
      68  6.8000E+02  3.2086E-05  1.3735E-03    3.6875E-08  3.2047E-05  1.8452E-09    0.0000E+00  0.0000E+00  0.0000E+00    3.20856E-05
      69  6.9000E+02  3.2956E-05  1.3378E-03    3.6961E-08  3.2917E-05  1.8787E-09    0.0000E+00  0.0000E+00  0.0000E+00    3.29557E-05
      70  7.0000E+02  3.3817E-05  1.2898E-03    3.7058E-08  3.3778E-05  1.9100E-09    0.0000E+00  0.0000E+00  0.0000E+00    3.38169E-05
      71  7.1000E+02  3.4666E-05  1.2402E-03    3.7156E-08  3.4627E-05  1.9384E-09    0.0000E+00  0.0000E+00  0.0000E+00    3.46663E-05
      72  7.2000E+02  3.5512E-05  1.2046E-03    3.7243E-08  3.5472E-05  1.9682E-09    0.0000E+00  0.0000E+00  0.0000E+00    3.55116E-05
      73  7.3000E+02  3.6345E-05  1.1603E-03    3.7348E-08  3.6306E-05  1.9955E-09    0.0000E+00  0.0000E+00  0.0000E+00    3.63454E-05
      74  7.4000E+02  3.7173E-05  1.1252E-03    3.7454E-08  3.7133E-05  2.0219E-09    0.0000E+00  0.0000E+00  0.0000E+00    3.71726E-05
      75  7.5000E+02  3.7992E-05  1.0900E-03    3.7556E-08  3.7952E-05  2.0476E-09    0.0000E+00  0.0000E+00  0.0000E+00    3.79919E-05
      76  7.6000E+02  3.8796E-05  1.0473E-03    3.7681E-08  3.8756E-05  2.0706E-09    0.0000E+00  0.0000E+00  0.0000E+00    3.87961E-05
      77  7.7000E+02  3.9590E-05  1.0130E-03    3.7804E-08  3.9550E-05  2.0937E-09    0.0000E+00  0.0000E+00  0.0000E+00    3.95902E-05
      78  7.8000E+02  4.0370E-05  9.7466E-04    3.7920E-08  4.0329E-05  2.1145E-09    0.0000E+00  0.0000E+00  0.0000E+00    4.03695E-05
      79  7.9000E+02  4.1140E-05  9.4561E-04    3.8038E-08  4.1100E-05  2.1355E-09    0.0000E+00  0.0000E+00  0.0000E+00    4.11403E-05
      80  8.0000E+02  4.1900E-05  9.1536E-04    3.8156E-08  4.1860E-05  2.1556E-09    0.0000E+00  0.0000E+00  0.0000E+00    4.19004E-05
      81  8.1000E+02  4.2643E-05  8.7797E-04    3.8285E-08  4.2602E-05  2.1720E-09    0.0000E+00  0.0000E+00  0.0000E+00    4.26427E-05
      82  8.2000E+02  4.3377E-05  8.5361E-04    3.8408E-08  4.3336E-05  2.1892E-09    0.0000E+00  0.0000E+00  0.0000E+00    4.33769E-05
      83  8.3000E+02  4.4097E-05  8.2301E-04    3.8521E-08  4.4056E-05  2.2046E-09    0.0000E+00  0.0000E+00  0.0000E+00    4.40969E-05
      84  8.4000E+02  4.4803E-05  7.9415E-04    3.8626E-08  4.4762E-05  2.2185E-09    0.0000E+00  0.0000E+00  0.0000E+00    4.48029E-05
      85  8.5000E+02  4.5493E-05  7.6405E-04    3.8726E-08  4.5452E-05  2.2321E-09    0.0000E+00  0.0000E+00  0.0000E+00    4.54928E-05
      86  8.6000E+02  4.6166E-05  7.3414E-04    3.8846E-08  4.6125E-05  2.2435E-09    0.0000E+00  0.0000E+00  0.0000E+00    4.61657E-05
      87  8.7000E+02  4.6825E-05  7.0909E-04    3.8966E-08  4.6784E-05  2.2545E-09    0.0000E+00  0.0000E+00  0.0000E+00    4.68250E-05
      88  8.8000E+02  4.7467E-05  6.8064E-04    3.9065E-08  4.7426E-05  2.2640E-09    0.0000E+00  0.0000E+00  0.0000E+00    4.74668E-05
      89  8.9000E+02  4.8091E-05  6.5352E-04    3.9172E-08  4.8050E-05  2.2720E-09    0.0000E+00  0.0000E+00  0.0000E+00    4.80913E-05
      90  9.0000E+02  4.8703E-05  6.3196E-04    3.9281E-08  4.8661E-05  2.2801E-09    0.0000E+00  0.0000E+00  0.0000E+00    4.87030E-05
      91  9.1000E+02  4.9295E-05  6.0419E-04    3.9378E-08  4.9253E-05  2.2858E-09    0.0000E+00  0.0000E+00  0.0000E+00    4.92951E-05
      92  9.2000E+02  4.9873E-05  5.8315E-04    3.9481E-08  4.9832E-05  2.2912E-09    0.0000E+00  0.0000E+00  0.0000E+00    4.98734E-05
      93  9.3000E+02  5.0436E-05  5.6043E-04    3.9589E-08  5.0394E-05  2.2956E-09    0.0000E+00  0.0000E+00  0.0000E+00    5.04356E-05
      94  9.4000E+02  5.0981E-05  5.3780E-04    3.9695E-08  5.0939E-05  2.2984E-09    0.0000E+00  0.0000E+00  0.0000E+00    5.09810E-05
      95  9.5000E+02  5.1509E-05  5.1506E-04    3.9792E-08  5.1467E-05  2.3008E-09    0.0000E+00  0.0000E+00  0.0000E+00    5.15089E-05
      96  9.6000E+02  5.2021E-05  4.9428E-04    3.9891E-08  5.1978E-05  2.3020E-09    0.0000E+00  0.0000E+00  0.0000E+00    5.20206E-05
      97  9.7000E+02  5.2519E-05  4.7648E-04    3.9989E-08  5.2476E-05  2.3028E-09    0.0000E+00  0.0000E+00  0.0000E+00    5.25187E-05
      98  9.8000E+02  5.2997E-05  4.5363E-04    4.0069E-08  5.2955E-05  2.3023E-09    0.0000E+00  0.0000E+00  0.0000E+00    5.29974E-05
      99  9.9000E+02  5.3461E-05  4.3567E-04    4.0156E-08  5.3419E-05  2.3009E-09    0.0000E+00  0.0000E+00  0.0000E+00    5.34612E-05
     100  1.0000E+03  5.3910E-05  4.1763E-04    4.0259E-08  5.3867E-05  2.2990E-09    0.0000E+00  0.0000E+00  0.0000E+00    5.39096E-05
     101  1.0100E+03  5.4346E-05  4.0273E-04    4.0344E-08  5.4303E-05  2.2967E-09    0.0000E+00  0.0000E+00  0.0000E+00    5.43456E-05
     102  1.0200E+03  5.4766E-05  3.8515E-04    4.0421E-08  5.4723E-05  2.2927E-09    0.0000E+00  0.0000E+00  0.0000E+00    5.47658E-05
     103  1.0300E+03  5.5172E-05  3.6902E-04    4.0513E-08  5.5129E-05  2.2884E-09    0.0000E+00  0.0000E+00  0.0000E+00    5.51715E-05
     104  1.0400E+03  5.5561E-05  3.5176E-04    4.0606E-08  5.5518E-05  2.2833E-09    0.0000E+00  0.0000E+00  0.0000E+00    5.55610E-05
     105  1.0500E+03  5.5935E-05  3.3574E-04    4.0690E-08  5.5892E-05  2.2770E-09    0.0000E+00  0.0000E+00  0.0000E+00    5.59354E-05
     106  1.0600E+03  5.6296E-05  3.2136E-04    4.0767E-08  5.6253E-05  2.2706E-09    0.0000E+00  0.0000E+00  0.0000E+00    5.62960E-05
     107  1.0700E+03  5.6640E-05  3.0414E-04    4.0837E-08  5.6596E-05  2.2631E-09    0.0000E+00  0.0000E+00  0.0000E+00    5.66395E-05
     108  1.0800E+03  5.6970E-05  2.9087E-04    4.0905E-08  5.6927E-05  2.2555E-09    0.0000E+00  0.0000E+00  0.0000E+00    5.69700E-05
     109  1.0900E+03  5.7285E-05  2.7595E-04    4.0976E-08  5.7242E-05  2.2472E-09    0.0000E+00  0.0000E+00  0.0000E+00    5.72853E-05
     110  1.1000E+03  5.7585E-05  2.6080E-04    4.1052E-08  5.7542E-05  2.2378E-09    0.0000E+00  0.0000E+00  0.0000E+00    5.75848E-05
     111  1.1100E+03  5.7871E-05  2.4793E-04    4.1112E-08  5.7828E-05  2.2280E-09    0.0000E+00  0.0000E+00  0.0000E+00    5.78711E-05
     112  1.1200E+03  5.8146E-05  2.3682E-04    4.1165E-08  5.8102E-05  2.2175E-09    0.0000E+00  0.0000E+00  0.0000E+00    5.81458E-05
     113  1.1300E+03  5.8407E-05  2.2385E-04    4.1235E-08  5.8363E-05  2.2069E-09    0.0000E+00  0.0000E+00  0.0000E+00    5.84067E-05
     114  1.1400E+03  5.8654E-05  2.1152E-04    4.1303E-08  5.8611E-05  2.1963E-09    0.0000E+00  0.0000E+00  0.0000E+00    5.86544E-05
     115  1.1500E+03  5.8887E-05  1.9824E-04    4.1355E-08  5.8844E-05  2.1840E-09    0.0000E+00  0.0000E+00  0.0000E+00    5.88874E-05
     116  1.1600E+03  5.9110E-05  1.8837E-04    4.1406E-08  5.9066E-05  2.1720E-09    0.0000E+00  0.0000E+00  0.0000E+00    5.91096E-05
     117  1.1700E+03  5.9317E-05  1.7537E-04    4.1457E-08  5.9274E-05  2.1595E-09    0.0000E+00  0.0000E+00  0.0000E+00    5.93173E-05
     118  1.1800E+03  5.9509E-05  1.6113E-04    4.1502E-08  5.9465E-05  2.1461E-09    0.0000E+00  0.0000E+00  0.0000E+00    5.95088E-05
     119  1.1900E+03  5.9691E-05  1.5323E-04    4.1550E-08  5.9648E-05  2.1333E-09    0.0000E+00  0.0000E+00  0.0000E+00    5.96914E-05
     120  1.2000E+03  5.9861E-05  1.4142E-04    4.1603E-08  5.9817E-05  2.1193E-09    0.0000E+00  0.0000E+00  0.0000E+00    5.98605E-05
     121  1.2100E+03  6.0015E-05  1.2907E-04    4.1650E-08  5.9971E-05  2.1054E-09    0.0000E+00  0.0000E+00  0.0000E+00    6.00152E-05
     122  1.2200E+03  6.0157E-05  1.1801E-04    4.1693E-08  6.0113E-05  2.0911E-09    0.0000E+00  0.0000E+00  0.0000E+00    6.01571E-05
     123  1.2300E+03  6.0285E-05  1.0581E-04    4.1737E-08  6.0241E-05  2.0754E-09    0.0000E+00  0.0000E+00  0.0000E+00    6.02845E-05
     124  1.2400E+03  6.0403E-05  9.8075E-05    4.1762E-08  6.0359E-05  2.0604E-09    0.0000E+00  0.0000E+00  0.0000E+00    6.04029E-05
     125  1.2500E+03  6.0508E-05  8.7071E-05    4.1775E-08  6.0464E-05  2.0448E-09    0.0000E+00  0.0000E+00  0.0000E+00    6.05081E-05
     126  1.2600E+03  6.0603E-05  7.8598E-05    4.1815E-08  6.0559E-05  2.0291E-09    0.0000E+00  0.0000E+00  0.0000E+00    6.06033E-05
     127  1.2700E+03  6.0686E-05  6.8040E-05    4.1868E-08  6.0642E-05  2.0135E-09    0.0000E+00  0.0000E+00  0.0000E+00    6.06859E-05
     128  1.2800E+03  6.0758E-05  5.9648E-05    4.1902E-08  6.0714E-05  1.9971E-09    0.0000E+00  0.0000E+00  0.0000E+00    6.07583E-05
     129  1.2900E+03  6.0818E-05  4.9383E-05    4.1922E-08  6.0774E-05  1.9803E-09    0.0000E+00  0.0000E+00  0.0000E+00    6.08183E-05
     130  1.3000E+03  6.0867E-05  3.9773E-05    4.1953E-08  6.0823E-05  1.9638E-09    0.0000E+00  0.0000E+00  0.0000E+00    6.08667E-05
     131  1.3100E+03  6.0906E-05  3.1978E-05    4.1996E-08  6.0862E-05  1.9465E-09    0.0000E+00  0.0000E+00  0.0000E+00    6.09057E-05
     132  1.3200E+03  6.0936E-05  2.5158E-05    4.2041E-08  6.0892E-05  1.9295E-09    0.0000E+00  0.0000E+00  0.0000E+00    6.09363E-05
     133  1.3300E+03  6.0955E-05  1.4945E-05    4.2080E-08  6.0911E-05  1.9125E-09    0.0000E+00  0.0000E+00  0.0000E+00    6.09545E-05
     134  1.3400E+03  6.0960E-05  4.8666E-06    4.2103E-08  6.0916E-05  1.8947E-09    0.0000E+00  0.0000E+00  0.0000E+00    6.09605E-05
     135  1.3500E+03  6.0959E-05 -1.3403E-06    4.2125E-08  6.0915E-05  1.8779E-09    0.0000E+00  0.0000E+00  0.0000E+00    6.09588E-05
     136  1.3600E+03  6.0945E-05 -1.1414E-05    4.2160E-08  6.0901E-05  1.8595E-09    0.0000E+00  0.0000E+00  0.0000E+00    6.09449E-05
     137  1.3700E+03  6.0921E-05 -2.0042E-05    4.2189E-08  6.0876E-05  1.8415E-09    0.0000E+00  0.0000E+00  0.0000E+00    6.09205E-05
     138  1.3800E+03  6.0890E-05 -2.5204E-05    4.2200E-08  6.0846E-05  1.8235E-09    0.0000E+00  0.0000E+00  0.0000E+00    6.08898E-05
     139  1.3900E+03  6.0849E-05 -3.3587E-05    4.2219E-08  6.0805E-05  1.8048E-09    0.0000E+00  0.0000E+00  0.0000E+00    6.08489E-05
     140  1.4000E+03  6.0802E-05 -3.8529E-05    4.2253E-08  6.0758E-05  1.7870E-09    0.0000E+00  0.0000E+00  0.0000E+00    6.08020E-05
     141  1.4100E+03  6.0743E-05 -4.8403E-05    4.2277E-08  6.0699E-05  1.7683E-09    0.0000E+00  0.0000E+00  0.0000E+00    6.07432E-05
     142  1.4200E+03  6.0674E-05 -5.7168E-05    4.2300E-08  6.0630E-05  1.7500E-09    0.0000E+00  0.0000E+00  0.0000E+00    6.06738E-05
     143  1.4300E+03  6.0597E-05 -6.3705E-05    4.2341E-08  6.0552E-05  1.7316E-09    0.0000E+00  0.0000E+00  0.0000E+00    6.05965E-05
     144  1.4400E+03  6.0511E-05 -7.0970E-05    4.2388E-08  6.0466E-05  1.7129E-09    0.0000E+00  0.0000E+00  0.0000E+00    6.05106E-05
     145  1.4500E+03  6.0414E-05 -8.0083E-05    4.2422E-08  6.0370E-05  1.6939E-09    0.0000E+00  0.0000E+00  0.0000E+00    6.04138E-05
     146  1.4600E+03  6.0309E-05 -8.6717E-05    4.2451E-08  6.0265E-05  1.6753E-09    0.0000E+00  0.0000E+00  0.0000E+00    6.03091E-05
     147  1.4700E+03  6.0199E-05 -9.1690E-05    4.2472E-08  6.0154E-05  1.6558E-09    0.0000E+00  0.0000E+00  0.0000E+00    6.01986E-05
     148  1.4800E+03  6.0082E-05 -9.6658E-05    4.2486E-08  6.0038E-05  1.6370E-09    0.0000E+00  0.0000E+00  0.0000E+00    6.00823E-05
     149  1.4900E+03  5.9957E-05 -1.0441E-04    4.2518E-08  5.9913E-05  1.6178E-09    0.0000E+00  0.0000E+00  0.0000E+00    5.99570E-05
     150  1.5000E+03  5.9827E-05 -1.0826E-04    4.2575E-08  5.9783E-05  1.5990E-09    0.0000E+00  0.0000E+00  0.0000E+00    5.98273E-05
     151  1.5100E+03  5.9692E-05 -1.1357E-04    4.2623E-08  5.9647E-05  1.5804E-09    0.0000E+00  0.0000E+00  0.0000E+00    5.96916E-05
     152  1.5200E+03  5.9549E-05 -1.1934E-04    4.2656E-08  5.9505E-05  1.5613E-09    0.0000E+00  0.0000E+00  0.0000E+00    5.95493E-05
     153  1.5300E+03  5.9399E-05 -1.2653E-04    4.2703E-08  5.9355E-05  1.5424E-09    0.0000E+00  0.0000E+00  0.0000E+00    5.93988E-05
     154  1.5400E+03  5.9242E-05 -1.3248E-04    4.2770E-08  5.9197E-05  1.5235E-09    0.0000E+00  0.0000E+00  0.0000E+00    5.92416E-05
     155  1.5500E+03  5.9082E-05 -1.3491E-04    4.2838E-08  5.9038E-05  1.5049E-09    0.0000E+00  0.0000E+00  0.0000E+00    5.90820E-05
     156  1.5600E+03  5.8916E-05 -1.4045E-04    4.2900E-08  5.8872E-05  1.4868E-09    0.0000E+00  0.0000E+00  0.0000E+00    5.89162E-05
     157  1.5700E+03  5.8739E-05 -1.5062E-04    4.2965E-08  5.8695E-05  1.4675E-09    0.0000E+00  0.0000E+00  0.0000E+00    5.87390E-05
     158  1.5800E+03  5.8558E-05 -1.5429E-04    4.3033E-08  5.8514E-05  1.4491E-09    0.0000E+00  0.0000E+00  0.0000E+00    5.85580E-05
     159  1.5900E+03  5.8375E-05 -1.5676E-04    4.3104E-08  5.8330E-05  1.4308E-09    0.0000E+00  0.0000E+00  0.0000E+00    5.83747E-05
     160  1.6000E+03  5.8182E-05 -1.6519E-04    4.3179E-08  5.8138E-05  1.4119E-09    0.0000E+00  0.0000E+00  0.0000E+00    5.81822E-05
     161  1.6100E+03  5.7987E-05 -1.6830E-04    4.3256E-08  5.7942E-05  1.3942E-09    0.0000E+00  0.0000E+00  0.0000E+00    5.79867E-05
     162  1.6200E+03  5.7784E-05 -1.7508E-04    4.3346E-08  5.7739E-05  1.3756E-09    0.0000E+00  0.0000E+00  0.0000E+00    5.77840E-05
     163  1.6300E+03  5.7579E-05 -1.7803E-04    4.3459E-08  5.7534E-05  1.3574E-09    0.0000E+00  0.0000E+00  0.0000E+00    5.75786E-05
     164  1.6400E+03  5.7370E-05 -1.8163E-04    4.3579E-08  5.7325E-05  1.3394E-09    0.0000E+00  0.0000E+00  0.0000E+00    5.73698E-05
     165  1.6500E+03  5.7157E-05 -1.8562E-04    4.3675E-08  5.7112E-05  1.3212E-09    0.0000E+00  0.0000E+00  0.0000E+00    5.71572E-05
     166  1.6600E+03  5.6939E-05 -1.9104E-04    4.3764E-08  5.6894E-05  1.3035E-09    0.0000E+00  0.0000E+00  0.0000E+00    5.69393E-05
     167  1.6700E+03  5.6715E-05 -1.9699E-04    4.3884E-08  5.6670E-05  1.2856E-09    0.0000E+00  0.0000E+00  0.0000E+00    5.67154E-05
     168  1.6800E+03  5.6487E-05 -2.0174E-04    4.4027E-08  5.6442E-05  1.2676E-09    0.0000E+00  0.0000E+00  0.0000E+00    5.64870E-05
     169  1.6900E+03  5.6258E-05 -2.0328E-04    4.4161E-08  5.6212E-05  1.2498E-09    0.0000E+00  0.0000E+00  0.0000E+00    5.62578E-05
     170  1.7000E+03  5.6023E-05 -2.0959E-04    4.4289E-08  5.5977E-05  1.2320E-09    0.0000E+00  0.0000E+00  0.0000E+00    5.60225E-05
     171  1.7100E+03  5.5782E-05 -2.1474E-04    4.4440E-08  5.5737E-05  1.2144E-09    0.0000E+00  0.0000E+00  0.0000E+00    5.57824E-05
     172  1.7200E+03  5.5539E-05 -2.1832E-04    4.4611E-08  5.5494E-05  1.1969E-09    0.0000E+00  0.0000E+00  0.0000E+00    5.55394E-05
     173  1.7300E+03  5.5292E-05 -2.2282E-04    4.4782E-08  5.5246E-05  1.1788E-09    0.0000E+00  0.0000E+00  0.0000E+00    5.52924E-05
     174  1.7400E+03  5.5045E-05 -2.2435E-04    4.4958E-08  5.4999E-05  1.1620E-09    0.0000E+00  0.0000E+00  0.0000E+00    5.50449E-05
     175  1.7500E+03  5.4791E-05 -2.3092E-04    4.5144E-08  5.4745E-05  1.1443E-09    0.0000E+00  0.0000E+00  0.0000E+00    5.47912E-05
     176  1.7600E+03  5.4538E-05 -2.3120E-04    4.5345E-08  5.4492E-05  1.1269E-09    0.0000E+00  0.0000E+00  0.0000E+00    5.45385E-05
     177  1.7700E+03  5.4283E-05 -2.3483E-04    4.5564E-08  5.4236E-05  1.1099E-09    0.0000E+00  0.0000E+00  0.0000E+00    5.42829E-05
     178  1.7800E+03  5.4026E-05 -2.3703E-04    4.5798E-08  5.3979E-05  1.0931E-09    0.0000E+00  0.0000E+00  0.0000E+00    5.40262E-05
     179  1.7900E+03  5.3766E-05 -2.4160E-04    4.6026E-08  5.3719E-05  1.0759E-09    0.0000E+00  0.0000E+00  0.0000E+00    5.37658E-05
     180  1.8000E+03  5.3503E-05 -2.4465E-04    4.6249E-08  5.3456E-05  1.0594E-09    0.0000E+00  0.0000E+00  0.0000E+00    5.35034E-05
     181  1.8100E+03  5.3239E-05 -2.4753E-04    4.6493E-08  5.3192E-05  1.0421E-09    0.0000E+00  0.0000E+00  0.0000E+00    5.32391E-05
     182  1.8200E+03  5.2978E-05 -2.4549E-04    4.6770E-08  5.2931E-05  1.0260E-09    0.0000E+00  0.0000E+00  0.0000E+00    5.29784E-05
     183  1.8300E+03  5.2715E-05 -2.4877E-04    4.7060E-08  5.2667E-05  1.0097E-09    0.0000E+00  0.0000E+00  0.0000E+00    5.27154E-05
     184  1.8400E+03  5.2451E-05 -2.5126E-04    4.7356E-08  5.2403E-05  9.9329E-10    0.0000E+00  0.0000E+00  0.0000E+00    5.24512E-05
     185  1.8500E+03  5.2189E-05 -2.5066E-04    4.7678E-08  5.2140E-05  9.7739E-10    0.0000E+00  0.0000E+00  0.0000E+00    5.21889E-05
     186  1.8600E+03  5.1924E-05 -2.5439E-04    4.8027E-08  5.1875E-05  9.6086E-10    0.0000E+00  0.0000E+00  0.0000E+00    5.19241E-05
     187  1.8700E+03  5.1661E-05 -2.5411E-04    4.8385E-08  5.1612E-05  9.4498E-10    0.0000E+00  0.0000E+00  0.0000E+00    5.16608E-05
     188  1.8800E+03  5.1399E-05 -2.5402E-04    4.8749E-08  5.1349E-05  9.2878E-10    0.0000E+00  0.0000E+00  0.0000E+00    5.13990E-05
     189  1.8900E+03  5.1139E-05 -2.5339E-04    4.9128E-08  5.1089E-05  9.1282E-10    0.0000E+00  0.0000E+00  0.0000E+00    5.11392E-05
     190  1.9000E+03  5.0877E-05 -2.5694E-04    4.9515E-08  5.0827E-05  8.9762E-10    0.0000E+00  0.0000E+00  0.0000E+00    5.08771E-05
     191  1.9100E+03  5.0615E-05 -2.5779E-04    4.9915E-08  5.0565E-05  8.8213E-10    0.0000E+00  0.0000E+00  0.0000E+00    5.06155E-05
     192  1.9200E+03  5.0355E-05 -2.5831E-04    5.0343E-08  5.0303E-05  8.6640E-10    0.0000E+00  0.0000E+00  0.0000E+00    5.03547E-05
     193  1.9300E+03  5.0099E-05 -2.5416E-04    5.0812E-08  5.0048E-05  8.5158E-10    0.0000E+00  0.0000E+00  0.0000E+00    5.00993E-05
     194  1.9400E+03  4.9843E-05 -2.5657E-04    5.1299E-08  4.9791E-05  8.3640E-10    0.0000E+00  0.0000E+00  0.0000E+00    4.98429E-05
     195  1.9500E+03  4.9592E-05 -2.5197E-04    5.1797E-08  4.9540E-05  8.2181E-10    0.0000E+00  0.0000E+00  0.0000E+00    4.95924E-05
     196  1.9600E+03  4.9343E-05 -2.5201E-04    5.2323E-08  4.9290E-05  8.0687E-10    0.0000E+00  0.0000E+00  0.0000E+00    4.93430E-05
     197  1.9700E+03  4.9097E-05 -2.4971E-04    5.2885E-08  4.9044E-05  7.9238E-10    0.0000E+00  0.0000E+00  0.0000E+00    4.90972E-05
     198  1.9800E+03  4.8855E-05 -2.4706E-04    5.3467E-08  4.8801E-05  7.7819E-10    0.0000E+00  0.0000E+00  0.0000E+00    4.88552E-05
     199  1.9900E+03  4.8616E-05 -2.4547E-04    5.4055E-08  4.8561E-05  7.6373E-10    0.0000E+00  0.0000E+00  0.0000E+00    4.86160E-05
     200  2.0000E+03  4.8381E-05 -2.4181E-04    5.4670E-08  4.8326E-05  7.4975E-10    0.0000E+00  0.0000E+00  0.0000E+00    4.83814E-05
     201  2.0100E+03  4.8154E-05 -2.3606E-04    5.5330E-08  4.8097E-05  7.3617E-10    0.0000E+00  0.0000E+00  0.0000E+00    4.81535E-05
     202  2.0200E+03  4.7929E-05 -2.3397E-04    5.6025E-08  4.7872E-05  7.2256E-10    0.0000E+00  0.0000E+00  0.0000E+00    4.79287E-05
     203  2.0300E+03  4.7708E-05 -2.3114E-04    5.6745E-08  4.7650E-05  7.0975E-10    0.0000E+00  0.0000E+00  0.0000E+00    4.77077E-05
     204  2.0400E+03  4.7489E-05 -2.3011E-04    5.7491E-08  4.7430E-05  6.9607E-10    0.0000E+00  0.0000E+00  0.0000E+00    4.74886E-05
     205  2.0500E+03  4.7278E-05 -2.2262E-04    5.8269E-08  4.7219E-05  6.8310E-10    0.0000E+00  0.0000E+00  0.0000E+00    4.72777E-05
     206  2.0600E+03  4.7073E-05 -2.1691E-04    5.9083E-08  4.7013E-05  6.7091E-10    0.0000E+00  0.0000E+00  0.0000E+00    4.70730E-05
     207  2.0700E+03  4.6869E-05 -2.1764E-04    5.9944E-08  4.6808E-05  6.5829E-10    0.0000E+00  0.0000E+00  0.0000E+00    4.68686E-05
     208  2.0800E+03  4.6671E-05 -2.1139E-04    6.0850E-08  4.6609E-05  6.4598E-10    0.0000E+00  0.0000E+00  0.0000E+00    4.66708E-05
     209  2.0900E+03  4.6476E-05 -2.0943E-04    6.1777E-08  4.6413E-05  6.3436E-10    0.0000E+00  0.0000E+00  0.0000E+00    4.64757E-05
     210  2.1000E+03  4.6288E-05 -2.0195E-04    6.2725E-08  4.6225E-05  6.2282E-10    0.0000E+00  0.0000E+00  0.0000E+00    4.62884E-05
     211  2.1100E+03  4.6109E-05 -1.9414E-04    6.3725E-08  4.6045E-05  6.1156E-10    0.0000E+00  0.0000E+00  0.0000E+00    4.61090E-05
     212  2.1200E+03  4.5937E-05 -1.8717E-04    6.4785E-08  4.5871E-05  5.9998E-10    0.0000E+00  0.0000E+00  0.0000E+00    4.59367E-05
     213  2.1300E+03  4.5770E-05 -1.8130E-04    6.5875E-08  4.5704E-05  5.8928E-10    0.0000E+00  0.0000E+00  0.0000E+00    4.57705E-05
     214  2.1400E+03  4.5612E-05 -1.7312E-04    6.6996E-08  4.5545E-05  5.7904E-10    0.0000E+00  0.0000E+00  0.0000E+00    4.56123E-05
     215  2.1500E+03  4.5462E-05 -1.6519E-04    6.8187E-08  4.5393E-05  5.6850E-10    0.0000E+00  0.0000E+00  0.0000E+00    4.54618E-05
     216  2.1600E+03  4.5319E-05 -1.5700E-04    6.9441E-08  4.5249E-05  5.5886E-10    0.0000E+00  0.0000E+00  0.0000E+00    4.53193E-05
     217  2.1700E+03  4.5184E-05 -1.4897E-04    7.0716E-08  4.5113E-05  5.4962E-10    0.0000E+00  0.0000E+00  0.0000E+00    4.51845E-05
     218  2.1800E+03  4.5053E-05 -1.4591E-04    7.2023E-08  4.4980E-05  5.3941E-10    0.0000E+00  0.0000E+00  0.0000E+00    4.50528E-05
     219  2.1900E+03  4.4929E-05 -1.3750E-04    7.3406E-08  4.4855E-05  5.3082E-10    0.0000E+00  0.0000E+00  0.0000E+00    4.49291E-05
     220  2.2000E+03  4.4812E-05 -1.3052E-04    7.4854E-08  4.4737E-05  5.2219E-10    0.0000E+00  0.0000E+00  0.0000E+00    4.48120E-05
     221  2.2100E+03  4.4707E-05 -1.1736E-04    7.6334E-08  4.4630E-05  5.1401E-10    0.0000E+00  0.0000E+00  0.0000E+00    4.47069E-05
     222  2.2200E+03  4.4609E-05 -1.1016E-04    7.7873E-08  4.4530E-05  5.0572E-10    0.0000E+00  0.0000E+00  0.0000E+00    4.46085E-05
     223  2.2300E+03  4.4518E-05 -1.0140E-04    7.9496E-08  4.4438E-05  4.9797E-10    0.0000E+00  0.0000E+00  0.0000E+00    4.45181E-05
     224  2.2400E+03  4.4437E-05 -9.0734E-05    8.1183E-08  4.4356E-05  4.9109E-10    0.0000E+00  0.0000E+00  0.0000E+00    4.44374E-05
     225  2.2500E+03  4.4365E-05 -8.1696E-05    8.2923E-08  4.4281E-05  4.8415E-10    0.0000E+00  0.0000E+00  0.0000E+00    4.43649E-05
     226  2.2600E+03  4.4297E-05 -7.6442E-05    8.4741E-08  4.4212E-05  4.7803E-10    0.0000E+00  0.0000E+00  0.0000E+00    4.42971E-05
     227  2.2700E+03  4.4236E-05 -6.9432E-05    8.6634E-08  4.4149E-05  4.7236E-10    0.0000E+00  0.0000E+00  0.0000E+00    4.42356E-05
     228  2.2800E+03  4.4180E-05 -6.3052E-05    8.8584E-08  4.4091E-05  4.6587E-10    0.0000E+00  0.0000E+00  0.0000E+00    4.41799E-05
     229  2.2900E+03  4.4135E-05 -5.1136E-05    9.0606E-08  4.4044E-05  4.6070E-10    0.0000E+00  0.0000E+00  0.0000E+00    4.41347E-05
     230  2.3000E+03  4.4095E-05 -4.4616E-05    9.2703E-08  4.4002E-05  4.5641E-10    0.0000E+00  0.0000E+00  0.0000E+00    4.40954E-05
     231  2.3100E+03  4.4063E-05 -3.7157E-05    9.4862E-08  4.3967E-05  4.5180E-10    0.0000E+00  0.0000E+00  0.0000E+00    4.40626E-05
     232  2.3200E+03  4.4043E-05 -2.1918E-05    9.7108E-08  4.3946E-05  4.4811E-10    0.0000E+00  0.0000E+00  0.0000E+00    4.40433E-05
     233  2.3300E+03  4.4030E-05 -1.4882E-05    9.9461E-08  4.3930E-05  4.4447E-10    0.0000E+00  0.0000E+00  0.0000E+00    4.40302E-05
     234  2.3400E+03  4.4026E-05 -4.7981E-06    1.0190E-07  4.3924E-05  4.4174E-10    0.0000E+00  0.0000E+00  0.0000E+00    4.40260E-05
     235  2.3500E+03  4.4030E-05  4.5089E-06    1.0441E-07  4.3925E-05  4.3886E-10    0.0000E+00  0.0000E+00  0.0000E+00    4.40299E-05
     236  2.3600E+03  4.4046E-05  1.7771E-05    1.0704E-07  4.3938E-05  4.3694E-10    0.0000E+00  0.0000E+00  0.0000E+00    4.40456E-05
     237  2.3700E+03  4.4069E-05  2.6476E-05    1.0979E-07  4.3959E-05  4.3560E-10    0.0000E+00  0.0000E+00  0.0000E+00    4.40689E-05
     238  2.3800E+03  4.4099E-05  3.4049E-05    1.1263E-07  4.3986E-05  4.3391E-10    0.0000E+00  0.0000E+00  0.0000E+00    4.40989E-05
     239  2.3900E+03  4.4135E-05  4.1251E-05    1.1557E-07  4.4019E-05  4.3235E-10    0.0000E+00  0.0000E+00  0.0000E+00    4.41353E-05
     240  2.4000E+03  4.4183E-05  5.3898E-05    1.1865E-07  4.4064E-05  4.3302E-10    0.0000E+00  0.0000E+00  0.0000E+00    4.41829E-05
     241  2.4100E+03  4.4238E-05  6.2058E-05    1.2181E-07  4.4116E-05  4.3325E-10    0.0000E+00  0.0000E+00  0.0000E+00    4.42378E-05
     242  2.4200E+03  4.4301E-05  7.0863E-05    1.2506E-07  4.4175E-05  4.3332E-10    0.0000E+00  0.0000E+00  0.0000E+00    4.43005E-05
     243  2.4300E+03  4.4375E-05  8.3694E-05    1.2845E-07  4.4246E-05  4.3462E-10    0.0000E+00  0.0000E+00  0.0000E+00    4.43748E-05
     244  2.4400E+03  4.4460E-05  9.5666E-05    1.3200E-07  4.4327E-05  4.3622E-10    0.0000E+00  0.0000E+00  0.0000E+00    4.44597E-05
     245  2.4500E+03  4.4560E-05  1.1282E-04    1.3568E-07  4.4424E-05  4.3855E-10    0.0000E+00  0.0000E+00  0.0000E+00    4.45602E-05
     246  2.4600E+03  4.4672E-05  1.2559E-04    1.3949E-07  4.4532E-05  4.4093E-10    0.0000E+00  0.0000E+00  0.0000E+00    4.46722E-05
     247  2.4700E+03  4.4797E-05  1.3983E-04    1.4347E-07  4.4653E-05  4.4429E-10    0.0000E+00  0.0000E+00  0.0000E+00    4.47973E-05
     248  2.4800E+03  4.4935E-05  1.5375E-04    1.4759E-07  4.4787E-05  4.4833E-10    0.0000E+00  0.0000E+00  0.0000E+00    4.49353E-05
     249  2.4900E+03  4.5082E-05  1.6278E-04    1.5182E-07  4.4930E-05  4.5246E-10    0.0000E+00  0.0000E+00  0.0000E+00    4.50818E-05
     250  2.5000E+03  4.5241E-05  1.7629E-04    1.5621E-07  4.5084E-05  4.5783E-10    0.0000E+00  0.0000E+00  0.0000E+00    4.52411E-05
     251  2.5100E+03  4.5411E-05  1.8795E-04    1.6077E-07  4.5250E-05  4.6373E-10    0.0000E+00  0.0000E+00  0.0000E+00    4.54115E-05
     252  2.5200E+03  4.5593E-05  1.9954E-04    1.6549E-07  4.5427E-05  4.6913E-10    0.0000E+00  0.0000E+00  0.0000E+00    4.55930E-05
     253  2.5300E+03  4.5790E-05  2.1571E-04    1.7040E-07  4.5619E-05  4.7620E-10    0.0000E+00  0.0000E+00  0.0000E+00    4.57902E-05
     254  2.5400E+03  4.5999E-05  2.2744E-04    1.7552E-07  4.5823E-05  4.8364E-10    0.0000E+00  0.0000E+00  0.0000E+00    4.59989E-05
     255  2.5500E+03  4.6219E-05  2.3899E-04    1.8082E-07  4.6038E-05  4.9144E-10    0.0000E+00  0.0000E+00  0.0000E+00    4.62193E-05
     256  2.5600E+03  4.6453E-05  2.5259E-04    1.8628E-07  4.6267E-05  5.0019E-10    0.0000E+00  0.0000E+00  0.0000E+00    4.64534E-05
     257  2.5700E+03  4.6699E-05  2.6335E-04    1.9195E-07  4.6506E-05  5.0933E-10    0.0000E+00  0.0000E+00  0.0000E+00    4.66987E-05
     258  2.5800E+03  4.6966E-05  2.8503E-04    1.9783E-07  4.6767E-05  5.2027E-10    0.0000E+00  0.0000E+00  0.0000E+00    4.69657E-05
     259  2.5900E+03  4.7245E-05  2.9638E-04    2.0393E-07  4.7040E-05  5.3073E-10    0.0000E+00  0.0000E+00  0.0000E+00    4.72449E-05
     260  2.6000E+03  4.7537E-05  3.0797E-04    2.1027E-07  4.7326E-05  5.4073E-10    0.0000E+00  0.0000E+00  0.0000E+00    4.75368E-05
     261  2.6100E+03  4.7845E-05  3.2281E-04    2.1687E-07  4.7627E-05  5.5270E-10    0.0000E+00  0.0000E+00  0.0000E+00    4.78447E-05
     262  2.6200E+03  4.8167E-05  3.3568E-04    2.2367E-07  4.7943E-05  5.6581E-10    0.0000E+00  0.0000E+00  0.0000E+00    4.81670E-05
     263  2.6300E+03  4.8505E-05  3.4921E-04    2.3069E-07  4.8273E-05  5.7961E-10    0.0000E+00  0.0000E+00  0.0000E+00    4.85046E-05
     264  2.6400E+03  4.8856E-05  3.6083E-04    2.3799E-07  4.8617E-05  5.9272E-10    0.0000E+00  0.0000E+00  0.0000E+00    4.88559E-05
     265  2.6500E+03  4.9226E-05  3.7691E-04    2.4556E-07  4.8979E-05  6.0732E-10    0.0000E+00  0.0000E+00  0.0000E+00    4.92256E-05
     266  2.6600E+03  4.9613E-05  3.9164E-04    2.5340E-07  4.9359E-05  6.2310E-10    0.0000E+00  0.0000E+00  0.0000E+00    4.96127E-05
     267  2.6700E+03  5.0013E-05  4.0217E-04    2.6156E-07  4.9751E-05  6.3875E-10    0.0000E+00  0.0000E+00  0.0000E+00    5.00133E-05
     268  2.6800E+03  5.0435E-05  4.1937E-04    2.7002E-07  5.0164E-05  6.5555E-10    0.0000E+00  0.0000E+00  0.0000E+00    5.04346E-05
     269  2.6900E+03  5.0876E-05  4.3577E-04    2.7875E-07  5.0597E-05  6.7343E-10    0.0000E+00  0.0000E+00  0.0000E+00    5.08761E-05
     270  2.7000E+03  5.1333E-05  4.4747E-04    2.8779E-07  5.1045E-05  6.9101E-10    0.0000E+00  0.0000E+00  0.0000E+00    5.13334E-05
     271  2.7100E+03  5.1809E-05  4.6061E-04    2.9720E-07  5.1511E-05  7.0942E-10    0.0000E+00  0.0000E+00  0.0000E+00    5.18085E-05
     272  2.7200E+03  5.2303E-05  4.7462E-04    3.0695E-07  5.1995E-05  7.2937E-10    0.0000E+00  0.0000E+00  0.0000E+00    5.23027E-05
     273  2.7300E+03  5.2818E-05  4.9011E-04    3.1700E-07  5.2500E-05  7.5055E-10    0.0000E+00  0.0000E+00  0.0000E+00    5.28179E-05
     274  2.7400E+03  5.3349E-05  5.0017E-04    3.2746E-07  5.3021E-05  7.7190E-10    0.0000E+00  0.0000E+00  0.0000E+00    5.33489E-05
     275  2.7500E+03  5.3899E-05  5.1283E-04    3.3836E-07  5.3560E-05  7.9391E-10    0.0000E+00  0.0000E+00  0.0000E+00    5.38989E-05
     276  2.7600E+03  5.4468E-05  5.2472E-04    3.4963E-07  5.4117E-05  8.1668E-10    0.0000E+00  0.0000E+00  0.0000E+00    5.44675E-05
     277  2.7700E+03  5.5057E-05  5.3821E-04    3.6125E-07  5.4695E-05  8.4045E-10    0.0000E+00  0.0000E+00  0.0000E+00    5.50570E-05
     278  2.7800E+03  5.5667E-05  5.5053E-04    3.7332E-07  5.5292E-05  8.6442E-10    0.0000E+00  0.0000E+00  0.0000E+00    5.56666E-05
     279  2.7900E+03  5.6304E-05  5.6970E-04    3.8586E-07  5.5918E-05  8.9056E-10    0.0000E+00  0.0000E+00  0.0000E+00    5.63045E-05
     280  2.8000E+03  5.6964E-05  5.8251E-04    3.9886E-07  5.6564E-05  9.1674E-10    0.0000E+00  0.0000E+00  0.0000E+00    5.69643E-05
     281  2.8100E+03  5.7652E-05  5.9982E-04    4.1232E-07  5.7238E-05  9.4472E-10    0.0000E+00  0.0000E+00  0.0000E+00    5.76517E-05
     282  2.8200E+03  5.8364E-05  6.1379E-04    4.2626E-07  5.7937E-05  9.7356E-10    0.0000E+00  0.0000E+00  0.0000E+00    5.83638E-05
     283  2.8300E+03  5.9099E-05  6.2577E-04    4.4070E-07  5.8657E-05  1.0017E-09    0.0000E+00  0.0000E+00  0.0000E+00    5.90989E-05
     284  2.8400E+03  5.9864E-05  6.4340E-04    4.5565E-07  5.9408E-05  1.0317E-09    0.0000E+00  0.0000E+00  0.0000E+00    5.98643E-05
     285  2.8500E+03  6.0656E-05  6.5681E-04    4.7114E-07  6.0184E-05  1.0632E-09    0.0000E+00  0.0000E+00  0.0000E+00    6.06559E-05
     286  2.8600E+03  6.1476E-05  6.7118E-04    4.8719E-07  6.0987E-05  1.0956E-09    0.0000E+00  0.0000E+00  0.0000E+00    6.14756E-05
     287  2.8700E+03  6.2326E-05  6.8687E-04    5.0384E-07  6.1821E-05  1.1288E-09    0.0000E+00  0.0000E+00  0.0000E+00    6.23259E-05
     288  2.8800E+03  6.3204E-05  6.9923E-04    5.2112E-07  6.2681E-05  1.1626E-09    0.0000E+00  0.0000E+00  0.0000E+00    6.32037E-05
     289  2.8900E+03  6.4117E-05  7.1700E-04    5.3903E-07  6.3576E-05  1.1995E-09    0.0000E+00  0.0000E+00  0.0000E+00    6.41166E-05
     290  2.9000E+03  6.5054E-05  7.2537E-04    5.5761E-07  6.4495E-05  1.2356E-09    0.0000E+00  0.0000E+00  0.0000E+00    6.50535E-05
     291  2.9100E+03  6.6020E-05  7.3744E-04    5.7690E-07  6.5442E-05  1.2722E-09    0.0000E+00  0.0000E+00  0.0000E+00    6.60201E-05
     292  2.9200E+03  6.7022E-05  7.5270E-04    5.9688E-07  6.6423E-05  1.3118E-09    0.0000E+00  0.0000E+00  0.0000E+00    6.70215E-05
     293  2.9300E+03  6.8062E-05  7.7015E-04    6.1754E-07  6.7443E-05  1.3530E-09    0.0000E+00  0.0000E+00  0.0000E+00    6.80619E-05
     294  2.9400E+03  6.9133E-05  7.8039E-04    6.3901E-07  6.8492E-05  1.3942E-09    0.0000E+00  0.0000E+00  0.0000E+00    6.91325E-05
     295  2.9500E+03  7.0237E-05  7.9239E-04    6.6129E-07  6.9574E-05  1.4369E-09    0.0000E+00  0.0000E+00  0.0000E+00    7.02369E-05
     296  2.9600E+03  7.1382E-05  8.0832E-04    6.8431E-07  7.0696E-05  1.4818E-09    0.0000E+00  0.0000E+00  0.0000E+00    7.13816E-05
     297  2.9700E+03  7.2567E-05  8.2320E-04    7.0812E-07  7.1857E-05  1.5274E-09    0.0000E+00  0.0000E+00  0.0000E+00    7.25666E-05
     298  2.9800E+03  7.3792E-05  8.3729E-04    7.3284E-07  7.3058E-05  1.5739E-09    0.0000E+00  0.0000E+00  0.0000E+00    7.37921E-05
     299  2.9900E+03  7.5062E-05  8.5312E-04    7.5852E-07  7.4302E-05  1.6232E-09    0.0000E+00  0.0000E+00  0.0000E+00    7.50620E-05
     300  3.0000E+03  7.6372E-05  8.6526E-04    7.8513E-07  7.5585E-05  1.6740E-09    0.0000E+00  0.0000E+00  0.0000E+00    7.63723E-05
     301  3.0100E+03  7.7725E-05  8.7754E-04    8.1271E-07  7.6910E-05  1.7260E-09    0.0000E+00  0.0000E+00  0.0000E+00    7.77245E-05
     302  3.0200E+03  7.9123E-05  8.9152E-04    8.4131E-07  7.8280E-05  1.7796E-09    0.0000E+00  0.0000E+00  0.0000E+00    7.91228E-05
     303  3.0300E+03  8.0578E-05  9.1095E-04    8.7090E-07  7.9705E-05  1.8358E-09    0.0000E+00  0.0000E+00  0.0000E+00    8.05776E-05
     304  3.0400E+03  8.2085E-05  9.2651E-04    9.0155E-07  8.1181E-05  1.8928E-09    0.0000E+00  0.0000E+00  0.0000E+00    8.20847E-05
     305  3.0500E+03  8.3641E-05  9.3887E-04    9.3334E-07  8.2705E-05  1.9525E-09    0.0000E+00  0.0000E+00  0.0000E+00    8.36407E-05
     306  3.0600E+03  8.5250E-05  9.5305E-04    9.6633E-07  8.4282E-05  2.0145E-09    0.0000E+00  0.0000E+00  0.0000E+00    8.52503E-05
     307  3.0700E+03  8.6914E-05  9.6621E-04    1.0005E-06  8.5911E-05  2.0769E-09    0.0000E+00  0.0000E+00  0.0000E+00    8.69138E-05
     308  3.0800E+03  8.8634E-05  9.7973E-04    1.0359E-06  8.7596E-05  2.1418E-09    0.0000E+00  0.0000E+00  0.0000E+00    8.86336E-05
     309  3.0900E+03  9.0410E-05  9.9224E-04    1.0726E-06  8.9335E-05  2.2101E-09    0.0000E+00  0.0000E+00  0.0000E+00    9.04102E-05
     310  3.1000E+03  9.2251E-05  1.0077E-03    1.1107E-06  9.1138E-05  2.2809E-09    0.0000E+00  0.0000E+00  0.0000E+00    9.22509E-05
     311  3.1100E+03  9.4152E-05  1.0199E-03    1.1501E-06  9.3000E-05  2.3526E-09    0.0000E+00  0.0000E+00  0.0000E+00    9.41520E-05
     312  3.1200E+03  9.6117E-05  1.0327E-03    1.1910E-06  9.4923E-05  2.4268E-09    0.0000E+00  0.0000E+00  0.0000E+00    9.61169E-05
     313  3.1300E+03  9.8163E-05  1.0531E-03    1.2334E-06  9.6927E-05  2.5055E-09    0.0000E+00  0.0000E+00  0.0000E+00    9.81628E-05
     314  3.1400E+03  1.0028E-04  1.0684E-03    1.2774E-06  9.9003E-05  2.5856E-09    0.0000E+00  0.0000E+00  0.0000E+00    1.00283E-04
     315  3.1500E+03  1.0247E-04  1.0785E-03    1.3228E-06  1.0114E-04  2.6679E-09    0.0000E+00  0.0000E+00  0.0000E+00    1.02470E-04
     316  3.1600E+03  1.0473E-04  1.0911E-03    1.3700E-06  1.0336E-04  2.7555E-09    0.0000E+00  0.0000E+00  0.0000E+00    1.04730E-04
     317  3.1700E+03  1.0707E-04  1.1037E-03    1.4190E-06  1.0565E-04  2.8440E-09    0.0000E+00  0.0000E+00  0.0000E+00    1.07068E-04
     318  3.1800E+03  1.0949E-04  1.1174E-03    1.4696E-06  1.0802E-04  2.9343E-09    0.0000E+00  0.0000E+00  0.0000E+00    1.09488E-04
     319  3.1900E+03  1.1199E-04  1.1309E-03    1.5221E-06  1.1047E-04  3.0287E-09    0.0000E+00  0.0000E+00  0.0000E+00    1.11993E-04
     320  3.2000E+03  1.1459E-04  1.1453E-03    1.5765E-06  1.1301E-04  3.1272E-09    0.0000E+00  0.0000E+00  0.0000E+00    1.14588E-04
     321  3.2100E+03  1.1728E-04  1.1596E-03    1.6329E-06  1.1564E-04  3.2282E-09    0.0000E+00  0.0000E+00  0.0000E+00    1.17276E-04
     322  3.2200E+03  1.2006E-04  1.1736E-03    1.6914E-06  1.1837E-04  3.3331E-09    0.0000E+00  0.0000E+00  0.0000E+00    1.20062E-04
     323  3.2300E+03  1.2295E-04  1.1874E-03    1.7521E-06  1.2119E-04  3.4432E-09    0.0000E+00  0.0000E+00  0.0000E+00    1.22947E-04
     324  3.2400E+03  1.2593E-04  1.1977E-03    1.8148E-06  1.2411E-04  3.5555E-09    0.0000E+00  0.0000E+00  0.0000E+00    1.25928E-04
     325  3.2500E+03  1.2901E-04  1.2091E-03    1.8799E-06  1.2713E-04  3.6714E-09    0.0000E+00  0.0000E+00  0.0000E+00    1.29010E-04
     326  3.2600E+03  1.3220E-04  1.2207E-03    1.9474E-06  1.3025E-04  3.7925E-09    0.0000E+00  0.0000E+00  0.0000E+00    1.32199E-04
     327  3.2700E+03  1.3550E-04  1.2339E-03    2.0173E-06  1.3348E-04  3.9165E-09    0.0000E+00  0.0000E+00  0.0000E+00    1.35502E-04
     328  3.2800E+03  1.3892E-04  1.2464E-03    2.0898E-06  1.3683E-04  4.0438E-09    0.0000E+00  0.0000E+00  0.0000E+00    1.38922E-04
     329  3.2900E+03  1.4247E-04  1.2597E-03    2.1650E-06  1.4030E-04  4.1781E-09    0.0000E+00  0.0000E+00  0.0000E+00    1.42467E-04
     330  3.3000E+03  1.4613E-04  1.2706E-03    2.2429E-06  1.4389E-04  4.3167E-09    0.0000E+00  0.0000E+00  0.0000E+00    1.46134E-04
     331  3.3100E+03  1.4993E-04  1.2814E-03    2.3235E-06  1.4760E-04  4.4577E-09    0.0000E+00  0.0000E+00  0.0000E+00    1.49927E-04
     332  3.3200E+03  1.5386E-04  1.2943E-03    2.4072E-06  1.5145E-04  4.6042E-09    0.0000E+00  0.0000E+00  0.0000E+00    1.53859E-04
     333  3.3300E+03  1.5793E-04  1.3058E-03    2.4941E-06  1.5543E-04  4.7557E-09    0.0000E+00  0.0000E+00  0.0000E+00    1.57931E-04
     334  3.3400E+03  1.6214E-04  1.3152E-03    2.5841E-06  1.5955E-04  4.9113E-09    0.0000E+00  0.0000E+00  0.0000E+00    1.62141E-04
     335  3.3500E+03  1.6650E-04  1.3259E-03    2.6773E-06  1.6382E-04  5.0728E-09    0.0000E+00  0.0000E+00  0.0000E+00    1.66498E-04
     336  3.3600E+03  1.7102E-04  1.3383E-03    2.7739E-06  1.6824E-04  5.2432E-09    0.0000E+00  0.0000E+00  0.0000E+00    1.71015E-04
     337  3.3700E+03  1.7570E-04  1.3501E-03    2.8741E-06  1.7282E-04  5.4173E-09    0.0000E+00  0.0000E+00  0.0000E+00    1.75696E-04
     338  3.3800E+03  1.8054E-04  1.3597E-03    2.9777E-06  1.7756E-04  5.5934E-09    0.0000E+00  0.0000E+00  0.0000E+00    1.80540E-04
     339  3.3900E+03  1.8556E-04  1.3707E-03    3.0852E-06  1.8247E-04  5.7783E-09    0.0000E+00  0.0000E+00  0.0000E+00    1.85558E-04
     340  3.4000E+03  1.9076E-04  1.3818E-03    3.1967E-06  1.8756E-04  5.9722E-09    0.0000E+00  0.0000E+00  0.0000E+00    1.90758E-04
     341  3.4100E+03  1.9614E-04  1.3911E-03    3.3123E-06  1.9282E-04  6.1694E-09    0.0000E+00  0.0000E+00  0.0000E+00    1.96140E-04
     342  3.4200E+03  2.0172E-04  1.4027E-03    3.4319E-06  1.9828E-04  6.3730E-09    0.0000E+00  0.0000E+00  0.0000E+00    2.01721E-04
     343  3.4300E+03  2.0750E-04  1.4133E-03    3.5560E-06  2.0394E-04  6.5846E-09    0.0000E+00  0.0000E+00  0.0000E+00    2.07504E-04
     344  3.4400E+03  2.1349E-04  1.4230E-03    3.6847E-06  2.0980E-04  6.8034E-09    0.0000E+00  0.0000E+00  0.0000E+00    2.13495E-04
     345  3.4500E+03  2.1970E-04  1.4315E-03    3.8180E-06  2.1587E-04  7.0282E-09    0.0000E+00  0.0000E+00  0.0000E+00    2.19696E-04
     346  3.4600E+03  2.2612E-04  1.4401E-03    3.9561E-06  2.2215E-04  7.2625E-09    0.0000E+00  0.0000E+00  0.0000E+00    2.26116E-04
     347  3.4700E+03  2.3276E-04  1.4483E-03    4.0994E-06  2.2866E-04  7.5058E-09    0.0000E+00  0.0000E+00  0.0000E+00    2.32762E-04
     348  3.4800E+03  2.3965E-04  1.4576E-03    4.2480E-06  2.3539E-04  7.7555E-09    0.0000E+00  0.0000E+00  0.0000E+00    2.39648E-04
     349  3.4900E+03  2.4678E-04  1.4664E-03    4.4019E-06  2.4237E-04  8.0116E-09    0.0000E+00  0.0000E+00  0.0000E+00    2.46781E-04
     350  3.5000E+03  2.5417E-04  1.4745E-03    4.5614E-06  2.4960E-04  8.2769E-09    0.0000E+00  0.0000E+00  0.0000E+00    2.54168E-04
     351  3.5100E+03  2.6182E-04  1.4835E-03    4.7266E-06  2.5709E-04  8.5540E-09    0.0000E+00  0.0000E+00  0.0000E+00    2.61822E-04
     352  3.5200E+03  2.6975E-04  1.4920E-03    4.8980E-06  2.6485E-04  8.8418E-09    0.0000E+00  0.0000E+00  0.0000E+00    2.69753E-04
     353  3.5300E+03  2.7797E-04  1.4996E-03    5.0756E-06  2.7288E-04  9.1362E-09    0.0000E+00  0.0000E+00  0.0000E+00    2.77967E-04
     354  3.5400E+03  2.8647E-04  1.5065E-03    5.2597E-06  2.8120E-04  9.4390E-09    0.0000E+00  0.0000E+00  0.0000E+00    2.86470E-04
     355  3.5500E+03  2.9529E-04  1.5153E-03    5.4505E-06  2.8982E-04  9.7572E-09    0.0000E+00  0.0000E+00  0.0000E+00    2.95285E-04
     356  3.5600E+03  3.0442E-04  1.5224E-03    5.6483E-06  2.9876E-04  1.0085E-08    0.0000E+00  0.0000E+00  0.0000E+00    3.04415E-04
     357  3.5700E+03  3.1387E-04  1.5284E-03    5.8535E-06  3.0800E-04  1.0421E-08    0.0000E+00  0.0000E+00  0.0000E+00    3.13865E-04
     358  3.5800E+03  3.2366E-04  1.5364E-03    6.0660E-06  3.1758E-04  1.0770E-08    0.0000E+00  0.0000E+00  0.0000E+00    3.23660E-04
     359  3.5900E+03  3.3381E-04  1.5437E-03    6.2861E-06  3.2751E-04  1.1134E-08    0.0000E+00  0.0000E+00  0.0000E+00    3.33810E-04
     360  3.6000E+03  3.4432E-04  1.5505E-03    6.5144E-06  3.3780E-04  1.1509E-08    0.0000E+00  0.0000E+00  0.0000E+00    3.44324E-04
     361  3.6100E+03  3.5521E-04  1.5568E-03    6.7512E-06  3.4845E-04  1.1895E-08    0.0000E+00  0.0000E+00  0.0000E+00    3.55215E-04
     362  3.6200E+03  3.6650E-04  1.5643E-03    6.9965E-06  3.5950E-04  1.2300E-08    0.0000E+00  0.0000E+00  0.0000E+00    3.66504E-04
     363  3.6300E+03  3.7820E-04  1.5707E-03    7.2505E-06  3.7094E-04  1.2718E-08    0.0000E+00  0.0000E+00  0.0000E+00    3.78201E-04
     364  3.6400E+03  3.9031E-04  1.5759E-03    7.5138E-06  3.8279E-04  1.3144E-08    0.0000E+00  0.0000E+00  0.0000E+00    3.90312E-04
     365  3.6500E+03  4.0286E-04  1.5821E-03    7.7868E-06  3.9506E-04  1.3590E-08    0.0000E+00  0.0000E+00  0.0000E+00    4.02861E-04
     366  3.6600E+03  4.1585E-04  1.5869E-03    8.0696E-06  4.0777E-04  1.4057E-08    0.0000E+00  0.0000E+00  0.0000E+00    4.15853E-04
     367  3.6700E+03  4.2930E-04  1.5916E-03    8.3626E-06  4.2093E-04  1.4535E-08    0.0000E+00  0.0000E+00  0.0000E+00    4.29305E-04
     368  3.6800E+03  4.4325E-04  1.5986E-03    8.6665E-06  4.3457E-04  1.5029E-08    0.0000E+00  0.0000E+00  0.0000E+00    4.43253E-04
     369  3.6900E+03  4.5771E-04  1.6043E-03    8.9816E-06  4.4871E-04  1.5543E-08    0.0000E+00  0.0000E+00  0.0000E+00    4.57707E-04
     370  3.7000E+03  4.7267E-04  1.6087E-03    9.3080E-06  4.6335E-04  1.6074E-08    0.0000E+00  0.0000E+00  0.0000E+00    4.72674E-04
     371  3.7100E+03  4.8819E-04  1.6146E-03    9.6464E-06  4.7853E-04  1.6626E-08    0.0000E+00  0.0000E+00  0.0000E+00    4.88189E-04
     372  3.7200E+03  5.0428E-04  1.6214E-03    9.9973E-06  4.9427E-04  1.7203E-08    0.0000E+00  0.0000E+00  0.0000E+00    5.04281E-04
     373  3.7300E+03  5.2095E-04  1.6255E-03    1.0361E-05  5.1057E-04  1.7798E-08    0.0000E+00  0.0000E+00  0.0000E+00    5.20946E-04
     374  3.7400E+03  5.3820E-04  1.6287E-03    1.0738E-05  5.2744E-04  1.8406E-08    0.0000E+00  0.0000E+00  0.0000E+00    5.38197E-04
     375  3.7500E+03  5.5608E-04  1.6340E-03    1.1128E-05  5.4493E-04  1.9040E-08    0.0000E+00  0.0000E+00  0.0000E+00    5.56077E-04
     376  3.7600E+03  5.7462E-04  1.6396E-03    1.1533E-05  5.6306E-04  1.9703E-08    0.0000E+00  0.0000E+00  0.0000E+00    5.74615E-04
     377  3.7700E+03  5.9383E-04  1.6442E-03    1.1952E-05  5.8185E-04  2.0389E-08    0.0000E+00  0.0000E+00  0.0000E+00    5.93827E-04
     378  3.7800E+03  6.1374E-04  1.6490E-03    1.2387E-05  6.0133E-04  2.1098E-08    0.0000E+00  0.0000E+00  0.0000E+00    6.13739E-04
     379  3.7900E+03  6.3439E-04  1.6542E-03    1.2838E-05  6.2153E-04  2.1834E-08    0.0000E+00  0.0000E+00  0.0000E+00    6.34386E-04
     380  3.8000E+03  6.5577E-04  1.6577E-03    1.3305E-05  6.4244E-04  2.2594E-08    0.0000E+00  0.0000E+00  0.0000E+00    6.55773E-04
     381  3.8100E+03  6.7794E-04  1.6617E-03    1.3790E-05  6.6412E-04  2.3386E-08    0.0000E+00  0.0000E+00  0.0000E+00    6.77935E-04
     382  3.8200E+03  7.0091E-04  1.6661E-03    1.4292E-05  6.8659E-04  2.4210E-08    0.0000E+00  0.0000E+00  0.0000E+00    7.00908E-04
     383  3.8300E+03  7.2471E-04  1.6699E-03    1.4812E-05  7.0988E-04  2.5058E-08    0.0000E+00  0.0000E+00  0.0000E+00    7.24714E-04
     384  3.8400E+03  7.4938E-04  1.6732E-03    1.5351E-05  7.3400E-04  2.5934E-08    0.0000E+00  0.0000E+00  0.0000E+00    7.49379E-04
     385  3.8500E+03  7.7495E-04  1.6772E-03    1.5910E-05  7.5901E-04  2.6847E-08    0.0000E+00  0.0000E+00  0.0000E+00    7.74945E-04
     386  3.8600E+03  8.0145E-04  1.6811E-03    1.6489E-05  7.8493E-04  2.7796E-08    0.0000E+00  0.0000E+00  0.0000E+00    8.01445E-04
     387  3.8700E+03  8.2890E-04  1.6841E-03    1.7089E-05  8.1178E-04  2.8778E-08    0.0000E+00  0.0000E+00  0.0000E+00    8.28903E-04
     388  3.8800E+03  8.5735E-04  1.6873E-03    1.7711E-05  8.3961E-04  2.9796E-08    0.0000E+00  0.0000E+00  0.0000E+00    8.57354E-04
     389  3.8900E+03  8.8684E-04  1.6906E-03    1.8356E-05  8.6846E-04  3.0853E-08    0.0000E+00  0.0000E+00  0.0000E+00    8.86842E-04
     390  3.9000E+03  9.1739E-04  1.6933E-03    1.9024E-05  8.9834E-04  3.1941E-08    0.0000E+00  0.0000E+00  0.0000E+00    9.17393E-04
     391  3.9100E+03  9.4906E-04  1.6967E-03    1.9716E-05  9.2931E-04  3.3068E-08    0.0000E+00  0.0000E+00  0.0000E+00    9.49062E-04
     392  3.9200E+03  9.8189E-04  1.7003E-03    2.0434E-05  9.6143E-04  3.4244E-08    0.0000E+00  0.0000E+00  0.0000E+00    9.81895E-04
     393  3.9300E+03  1.0159E-03  1.7028E-03    2.1178E-05  9.9470E-04  3.5462E-08    0.0000E+00  0.0000E+00  0.0000E+00    1.01591E-03
     394  3.9400E+03  1.0512E-03  1.7052E-03    2.1949E-05  1.0292E-03  3.6723E-08    0.0000E+00  0.0000E+00  0.0000E+00    1.05116E-03
     395  3.9500E+03  1.0877E-03  1.7080E-03    2.2748E-05  1.0649E-03  3.8033E-08    0.0000E+00  0.0000E+00  0.0000E+00    1.08769E-03
     396  3.9600E+03  1.1255E-03  1.7104E-03    2.3577E-05  1.1019E-03  3.9385E-08    0.0000E+00  0.0000E+00  0.0000E+00    1.12555E-03
     397  3.9700E+03  1.1648E-03  1.7126E-03    2.4435E-05  1.1403E-03  4.0784E-08    0.0000E+00  0.0000E+00  0.0000E+00    1.16477E-03
     398  3.9800E+03  1.2054E-03  1.7153E-03    2.5324E-05  1.1801E-03  4.2241E-08    0.0000E+00  0.0000E+00  0.0000E+00    1.20543E-03
     399  3.9900E+03  1.2476E-03  1.7183E-03    2.6247E-05  1.2213E-03  4.3753E-08    0.0000E+00  0.0000E+00  0.0000E+00    1.24758E-03
     400  4.0000E+03  1.2913E-03  1.7203E-03    2.7203E-05  1.2640E-03  4.5309E-08    0.0000E+00  0.0000E+00  0.0000E+00    1.29125E-03
     401  4.0100E+03  1.3365E-03  1.7222E-03    2.8193E-05  1.3083E-03  4.6921E-08    0.0000E+00  0.0000E+00  0.0000E+00    1.33651E-03
     402  4.0200E+03  1.3834E-03  1.7244E-03    2.9220E-05  1.3541E-03  4.8600E-08    0.0000E+00  0.0000E+00  0.0000E+00    1.38341E-03
     403  4.0300E+03  1.4320E-03  1.7263E-03    3.0285E-05  1.4017E-03  5.0343E-08    0.0000E+00  0.0000E+00  0.0000E+00    1.43201E-03
     404  4.0400E+03  1.4824E-03  1.7283E-03    3.1388E-05  1.4509E-03  5.2145E-08    0.0000E+00  0.0000E+00  0.0000E+00    1.48238E-03
     405  4.0500E+03  1.5346E-03  1.7304E-03    3.2531E-05  1.5020E-03  5.4008E-08    0.0000E+00  0.0000E+00  0.0000E+00    1.53459E-03
     406  4.0600E+03  1.5887E-03  1.7323E-03    3.3717E-05  1.5549E-03  5.5936E-08    0.0000E+00  0.0000E+00  0.0000E+00    1.58869E-03
     407  4.0700E+03  1.6448E-03  1.7340E-03    3.4944E-05  1.6098E-03  5.7941E-08    0.0000E+00  0.0000E+00  0.0000E+00    1.64476E-03
     408  4.0800E+03  1.7029E-03  1.7357E-03    3.6217E-05  1.6666E-03  6.0022E-08    0.0000E+00  0.0000E+00  0.0000E+00    1.70287E-03
     409  4.0900E+03  1.7631E-03  1.7374E-03    3.7536E-05  1.7255E-03  6.2169E-08    0.0000E+00  0.0000E+00  0.0000E+00    1.76309E-03
     410  4.1000E+03  1.8255E-03  1.7393E-03    3.8904E-05  1.7865E-03  6.4391E-08    0.0000E+00  0.0000E+00  0.0000E+00    1.82550E-03
     411  4.1100E+03  1.8902E-03  1.7408E-03    4.0321E-05  1.8498E-03  6.6707E-08    0.0000E+00  0.0000E+00  0.0000E+00    1.89018E-03
     412  4.1200E+03  1.9572E-03  1.7418E-03    4.1790E-05  1.9153E-03  6.9103E-08    0.0000E+00  0.0000E+00  0.0000E+00    1.95720E-03
     413  4.1300E+03  2.0266E-03  1.7433E-03    4.3313E-05  1.9833E-03  7.1572E-08    0.0000E+00  0.0000E+00  0.0000E+00    2.02665E-03
     414  4.1400E+03  2.0987E-03  1.7455E-03    4.4890E-05  2.0537E-03  7.4140E-08    0.0000E+00  0.0000E+00  0.0000E+00    2.09865E-03
     415  4.1500E+03  2.1733E-03  1.7473E-03    4.6525E-05  2.1267E-03  7.6814E-08    0.0000E+00  0.0000E+00  0.0000E+00    2.17330E-03
     416  4.1600E+03  2.2506E-03  1.7482E-03    4.8220E-05  2.2023E-03  7.9567E-08    0.0000E+00  0.0000E+00  0.0000E+00    2.25064E-03
     417  4.1700E+03  2.3308E-03  1.7494E-03    4.9977E-05  2.2807E-03  8.2417E-08    0.0000E+00  0.0000E+00  0.0000E+00    2.33078E-03
     418  4.1800E+03  2.4139E-03  1.7512E-03    5.1798E-05  2.3620E-03  8.5390E-08    0.0000E+00  0.0000E+00  0.0000E+00    2.41387E-03
     419  4.1900E+03  2.5000E-03  1.7521E-03    5.3685E-05  2.4462E-03  8.8466E-08    0.0000E+00  0.0000E+00  0.0000E+00    2.49997E-03
     420  4.2000E+03  2.5892E-03  1.7531E-03    5.5641E-05  2.5335E-03  9.1635E-08    0.0000E+00  0.0000E+00  0.0000E+00    2.58918E-03
     421  4.2100E+03  2.6817E-03  1.7546E-03    5.7668E-05  2.6239E-03  9.4933E-08    0.0000E+00  0.0000E+00  0.0000E+00    2.68167E-03
     422  4.2200E+03  2.7775E-03  1.7559E-03    5.9770E-05  2.7177E-03  9.8360E-08    0.0000E+00  0.0000E+00  0.0000E+00    2.77753E-03
     423  4.2300E+03  2.8768E-03  1.7565E-03    6.1947E-05  2.8148E-03  1.0190E-07    0.0000E+00  0.0000E+00  0.0000E+00    2.87685E-03
     424  4.2400E+03  2.9798E-03  1.7577E-03    6.4204E-05  2.9155E-03  1.0556E-07    0.0000E+00  0.0000E+00  0.0000E+00    2.97979E-03
     425  4.2500E+03  3.0865E-03  1.7593E-03    6.6543E-05  3.0199E-03  1.0938E-07    0.0000E+00  0.0000E+00  0.0000E+00    3.08652E-03
     426  4.2600E+03  3.1971E-03  1.7603E-03    6.8968E-05  3.1280E-03  1.1332E-07    0.0000E+00  0.0000E+00  0.0000E+00    3.19713E-03
     427  4.2700E+03  3.3118E-03  1.7611E-03    7.1481E-05  3.2402E-03  1.1740E-07    0.0000E+00  0.0000E+00  0.0000E+00    3.31175E-03
     428  4.2800E+03  3.4306E-03  1.7623E-03    7.4085E-05  3.3564E-03  1.2164E-07    0.0000E+00  0.0000E+00  0.0000E+00    3.43058E-03
     429  4.2900E+03  3.5537E-03  1.7632E-03    7.6785E-05  3.4768E-03  1.2603E-07    0.0000E+00  0.0000E+00  0.0000E+00    3.55372E-03
     430  4.3000E+03  3.6813E-03  1.7638E-03    7.9583E-05  3.6016E-03  1.3058E-07    0.0000E+00  0.0000E+00  0.0000E+00    3.68134E-03
     431  4.3100E+03  3.8136E-03  1.7648E-03    8.2482E-05  3.7310E-03  1.3530E-07    0.0000E+00  0.0000E+00  0.0000E+00    3.81361E-03
     432  4.3200E+03  3.9507E-03  1.7659E-03    8.5488E-05  3.8651E-03  1.4019E-07    0.0000E+00  0.0000E+00  0.0000E+00    3.95071E-03
     433  4.3300E+03  4.0928E-03  1.7665E-03    8.8602E-05  4.0041E-03  1.4525E-07    0.0000E+00  0.0000E+00  0.0000E+00    4.09280E-03
     434  4.3400E+03  4.2401E-03  1.7672E-03    9.1831E-05  4.1481E-03  1.5051E-07    0.0000E+00  0.0000E+00  0.0000E+00    4.24006E-03
     435  4.3500E+03  4.3927E-03  1.7684E-03    9.5177E-05  4.2974E-03  1.5596E-07    0.0000E+00  0.0000E+00  0.0000E+00    4.39272E-03
     436  4.3600E+03  4.5510E-03  1.7693E-03    9.8645E-05  4.4522E-03  1.6160E-07    0.0000E+00  0.0000E+00  0.0000E+00    4.55096E-03
     437  4.3700E+03  4.7149E-03  1.7698E-03    1.0224E-04  4.6125E-03  1.6745E-07    0.0000E+00  0.0000E+00  0.0000E+00    4.71495E-03
     438  4.3800E+03  4.8849E-03  1.7705E-03    1.0596E-04  4.7788E-03  1.7353E-07    0.0000E+00  0.0000E+00  0.0000E+00    4.88491E-03
     439  4.3900E+03  5.0611E-03  1.7712E-03    1.0983E-04  4.9511E-03  1.7981E-07    0.0000E+00  0.0000E+00  0.0000E+00    5.06108E-03
     440  4.4000E+03  5.2437E-03  1.7718E-03    1.1383E-04  5.1296E-03  1.8631E-07    0.0000E+00  0.0000E+00  0.0000E+00    5.24366E-03
     441  4.4100E+03  5.4329E-03  1.7724E-03    1.1798E-04  5.3147E-03  1.9307E-07    0.0000E+00  0.0000E+00  0.0000E+00    5.43289E-03
     442  4.4200E+03  5.6290E-03  1.7732E-03    1.2228E-04  5.5066E-03  2.0008E-07    0.0000E+00  0.0000E+00  0.0000E+00    5.62904E-03
     443  4.4300E+03  5.8323E-03  1.7737E-03    1.2673E-04  5.7054E-03  2.0732E-07    0.0000E+00  0.0000E+00  0.0000E+00    5.83233E-03
     444  4.4400E+03  6.0430E-03  1.7742E-03    1.3135E-04  5.9115E-03  2.1483E-07    0.0000E+00  0.0000E+00  0.0000E+00    6.04302E-03
     445  4.4500E+03  6.2614E-03  1.7746E-03    1.3614E-04  6.1250E-03  2.2264E-07    0.0000E+00  0.0000E+00  0.0000E+00    6.26138E-03
     446  4.4600E+03  6.4877E-03  1.7753E-03    1.4110E-04  6.3464E-03  2.3071E-07    0.0000E+00  0.0000E+00  0.0000E+00    6.48771E-03
     447  4.4700E+03  6.7223E-03  1.7760E-03    1.4624E-04  6.5758E-03  2.3907E-07    0.0000E+00  0.0000E+00  0.0000E+00    6.72233E-03
     448  4.4800E+03  6.9655E-03  1.7765E-03    1.5157E-04  6.8137E-03  2.4775E-07    0.0000E+00  0.0000E+00  0.0000E+00    6.96549E-03
     449  4.4900E+03  7.2175E-03  1.7767E-03    1.5709E-04  7.0601E-03  2.5674E-07    0.0000E+00  0.0000E+00  0.0000E+00    7.21747E-03
     450  4.5000E+03  7.4787E-03  1.7773E-03    1.6281E-04  7.3156E-03  2.6605E-07    0.0000E+00  0.0000E+00  0.0000E+00    7.47866E-03
     451  4.5100E+03  7.7494E-03  1.7780E-03    1.6875E-04  7.5804E-03  2.7571E-07    0.0000E+00  0.0000E+00  0.0000E+00    7.74942E-03
     452  4.5200E+03  8.0300E-03  1.7783E-03    1.7490E-04  7.8548E-03  2.8571E-07    0.0000E+00  0.0000E+00  0.0000E+00    8.03003E-03
     453  4.5300E+03  8.3208E-03  1.7785E-03    1.8127E-04  8.1393E-03  2.9607E-07    0.0000E+00  0.0000E+00  0.0000E+00    8.32084E-03
     454  4.5400E+03  8.6223E-03  1.7792E-03    1.8787E-04  8.4341E-03  3.0684E-07    0.0000E+00  0.0000E+00  0.0000E+00    8.62228E-03
     455  4.5500E+03  8.9347E-03  1.7797E-03    1.9472E-04  8.7397E-03  3.1798E-07    0.0000E+00  0.0000E+00  0.0000E+00    8.93474E-03
     456  4.5600E+03  9.2585E-03  1.7798E-03    2.0182E-04  9.0564E-03  3.2951E-07    0.0000E+00  0.0000E+00  0.0000E+00    9.25854E-03
     457  4.5700E+03  9.5941E-03  1.7801E-03    2.0917E-04  9.3846E-03  3.4147E-07    0.0000E+00  0.0000E+00  0.0000E+00    9.59415E-03
     458  4.5800E+03  9.9421E-03  1.7809E-03    2.1679E-04  9.7249E-03  3.5390E-07    0.0000E+00  0.0000E+00  0.0000E+00    9.94206E-03
     459  4.5900E+03  1.0303E-02  1.7812E-03    2.2469E-04  1.0078E-02  3.6675E-07    0.0000E+00  0.0000E+00  0.0000E+00    1.03027E-02
     460  4.6000E+03  1.0676E-02  1.7814E-03    2.3288E-04  1.0443E-02  3.8005E-07    0.0000E+00  0.0000E+00  0.0000E+00    1.06764E-02
     461  4.6100E+03  1.1064E-02  1.7819E-03    2.4137E-04  1.0822E-02  3.9388E-07    0.0000E+00  0.0000E+00  0.0000E+00    1.10638E-02
     462  4.6200E+03  1.1465E-02  1.7823E-03    2.5016E-04  1.1215E-02  4.0820E-07    0.0000E+00  0.0000E+00  0.0000E+00    1.14653E-02
     463  4.6300E+03  1.1881E-02  1.7823E-03    2.5928E-04  1.1622E-02  4.2301E-07    0.0000E+00  0.0000E+00  0.0000E+00    1.18814E-02
     464  4.6400E+03  1.2313E-02  1.7824E-03    2.6873E-04  1.2043E-02  4.3838E-07    0.0000E+00  0.0000E+00  0.0000E+00    1.23126E-02
     465  4.6500E+03  1.2760E-02  1.7829E-03    2.7852E-04  1.2481E-02  4.5434E-07    0.0000E+00  0.0000E+00  0.0000E+00    1.27597E-02
     466  4.6600E+03  1.3223E-02  1.7833E-03    2.8867E-04  1.2934E-02  4.7084E-07    0.0000E+00  0.0000E+00  0.0000E+00    1.32230E-02
     467  4.6700E+03  1.3703E-02  1.7835E-03    2.9919E-04  1.3404E-02  4.8795E-07    0.0000E+00  0.0000E+00  0.0000E+00    1.37033E-02
     468  4.6800E+03  1.4201E-02  1.7839E-03    3.1009E-04  1.3890E-02  5.0571E-07    0.0000E+00  0.0000E+00  0.0000E+00    1.42010E-02
     469  4.6900E+03  1.4717E-02  1.7842E-03    3.2139E-04  1.4395E-02  5.2412E-07    0.0000E+00  0.0000E+00  0.0000E+00    1.47170E-02
     470  4.7000E+03  1.5252E-02  1.7844E-03    3.3310E-04  1.4918E-02  5.4318E-07    0.0000E+00  0.0000E+00  0.0000E+00    1.52518E-02
     471  4.7100E+03  1.5806E-02  1.7846E-03    3.4524E-04  1.5460E-02  5.6293E-07    0.0000E+00  0.0000E+00  0.0000E+00    1.58060E-02
     472  4.7200E+03  1.6380E-02  1.7848E-03    3.5782E-04  1.6022E-02  5.8341E-07    0.0000E+00  0.0000E+00  0.0000E+00    1.63805E-02
     473  4.7300E+03  1.6976E-02  1.7849E-03    3.7086E-04  1.6604E-02  6.0463E-07    0.0000E+00  0.0000E+00  0.0000E+00    1.69758E-02
     474  4.7400E+03  1.7593E-02  1.7850E-03    3.8438E-04  1.7208E-02  6.2663E-07    0.0000E+00  0.0000E+00  0.0000E+00    1.75929E-02
     475  4.7500E+03  1.8232E-02  1.7853E-03    3.9838E-04  1.7833E-02  6.4943E-07    0.0000E+00  0.0000E+00  0.0000E+00    1.82325E-02
     476  4.7600E+03  1.8895E-02  1.7856E-03    4.1290E-04  1.8482E-02  6.7307E-07    0.0000E+00  0.0000E+00  0.0000E+00    1.88954E-02
     477  4.7700E+03  1.9583E-02  1.7858E-03    4.2795E-04  1.9154E-02  6.9759E-07    0.0000E+00  0.0000E+00  0.0000E+00    1.95826E-02
     478  4.7800E+03  2.0295E-02  1.7860E-03    4.4354E-04  1.9851E-02  7.2298E-07    0.0000E+00  0.0000E+00  0.0000E+00    2.02948E-02
     479  4.7900E+03  2.1033E-02  1.7861E-03    4.5970E-04  2.0572E-02  7.4928E-07    0.0000E+00  0.0000E+00  0.0000E+00    2.10329E-02
     480  4.8000E+03  2.1798E-02  1.7862E-03    4.7645E-04  2.1321E-02  7.7656E-07    0.0000E+00  0.0000E+00  0.0000E+00    2.17980E-02
     481  4.8100E+03  2.2591E-02  1.7863E-03    4.9382E-04  2.2096E-02  8.0488E-07    0.0000E+00  0.0000E+00  0.0000E+00    2.25909E-02
     482  4.8200E+03  2.3413E-02  1.7865E-03    5.1181E-04  2.2900E-02  8.3418E-07    0.0000E+00  0.0000E+00  0.0000E+00    2.34128E-02
     483  4.8300E+03  2.4265E-02  1.7867E-03    5.3046E-04  2.3733E-02  8.6452E-07    0.0000E+00  0.0000E+00  0.0000E+00    2.42646E-02
     484  4.8400E+03  2.5147E-02  1.7868E-03    5.4979E-04  2.4597E-02  8.9603E-07    0.0000E+00  0.0000E+00  0.0000E+00    2.51475E-02
     485  4.8500E+03  2.6063E-02  1.7868E-03    5.6983E-04  2.5492E-02  9.2869E-07    0.0000E+00  0.0000E+00  0.0000E+00    2.60625E-02
     486  4.8600E+03  2.7011E-02  1.7869E-03    5.9059E-04  2.6419E-02  9.6249E-07    0.0000E+00  0.0000E+00  0.0000E+00    2.70109E-02
     487  4.8700E+03  2.7994E-02  1.7871E-03    6.1211E-04  2.7381E-02  9.9754E-07    0.0000E+00  0.0000E+00  0.0000E+00    2.79939E-02
     488  4.8800E+03  2.9013E-02  1.7873E-03    6.3442E-04  2.8377E-02  1.0339E-06    0.0000E+00  0.0000E+00  0.0000E+00    2.90128E-02
     489  4.8900E+03  3.0069E-02  1.7874E-03    6.5754E-04  2.9410E-02  1.0716E-06    0.0000E+00  0.0000E+00  0.0000E+00    3.00688E-02
     490  4.9000E+03  3.1163E-02  1.7875E-03    6.8149E-04  3.0481E-02  1.1106E-06    0.0000E+00  0.0000E+00  0.0000E+00    3.11633E-02
     491  4.9100E+03  3.2298E-02  1.7876E-03    7.0633E-04  3.1590E-02  1.1510E-06    0.0000E+00  0.0000E+00  0.0000E+00    3.22978E-02
     492  4.9200E+03  3.3473E-02  1.7876E-03    7.3207E-04  3.2740E-02  1.1930E-06    0.0000E+00  0.0000E+00  0.0000E+00    3.34735E-02
     493  4.9300E+03  3.4692E-02  1.7876E-03    7.5874E-04  3.3932E-02  1.2365E-06    0.0000E+00  0.0000E+00  0.0000E+00    3.46920E-02
     494  4.9400E+03  3.5955E-02  1.7877E-03    7.8639E-04  3.5167E-02  1.2815E-06    0.0000E+00  0.0000E+00  0.0000E+00    3.59550E-02
     495  4.9500E+03  3.7264E-02  1.7879E-03    8.1505E-04  3.6448E-02  1.3282E-06    0.0000E+00  0.0000E+00  0.0000E+00    3.72641E-02
     496  4.9600E+03  3.8621E-02  1.7879E-03    8.4475E-04  3.7775E-02  1.3766E-06    0.0000E+00  0.0000E+00  0.0000E+00    3.86208E-02
     497  4.9700E+03  4.0027E-02  1.7879E-03    8.7553E-04  3.9150E-02  1.4268E-06    0.0000E+00  0.0000E+00  0.0000E+00    4.00270E-02
     498  4.9800E+03  4.1484E-02  1.7880E-03    9.0743E-04  4.0576E-02  1.4787E-06    0.0000E+00  0.0000E+00  0.0000E+00    4.14844E-02
     499  4.9900E+03  4.2995E-02  1.7881E-03    9.4050E-04  4.2053E-02  1.5326E-06    0.0000E+00  0.0000E+00  0.0000E+00    4.29950E-02
     500  5.0000E+03  4.4561E-02  1.7882E-03    9.7477E-04  4.3584E-02  1.5885E-06    0.0000E+00  0.0000E+00  0.0000E+00    4.45607E-02
