       0  0.000000E+00  2.856293E-10  0.000000E+00
       1  1.000000E+01  3.254474E-07  4.995612E-02
       2  2.000000E+01  5.799409E-07  2.194133E-02
       3  3.000000E+01  7.200601E-07  9.729689E-03
       4  4.000000E+01  7.858622E-07  4.186621E-03
       5  5.000000E+01  8.555862E-07  4.074635E-03
       6  6.000000E+01  9.401627E-07  4.497971E-03
       7  7.000000E+01  1.014419E-06  3.660027E-03
       8  8.000000E+01  1.072443E-06  2.705219E-03
       9  9.000000E+01  1.128101E-06  2.466920E-03
      10  1.000000E+02  1.195371E-06  2.813752E-03
