 101       2
0.0000   5.5680e+19
0.0100   5.5664e+19
0.0200   5.5619e+19
0.0300   5.5544e+19
0.0400   5.5441e+19
0.0500   5.5311e+19
0.0600   5.5155e+19
0.0700   5.4974e+19
0.0800   5.4769e+19
0.0900   5.4541e+19
0.1000   5.4292e+19
0.1100   5.4022e+19
0.1200   5.3732e+19
0.1300   5.3424e+19
0.1400   5.3098e+19
0.1500   5.2756e+19
0.1600   5.2398e+19
0.1700   5.2026e+19
0.1800   5.1641e+19
0.1900   5.1244e+19
0.2000   5.0836e+19
0.2100   5.0417e+19
0.2200   4.9990e+19
0.2300   4.9554e+19
0.2400   4.9112e+19
0.2500   4.8664e+19
0.2600   4.8211e+19
0.2700   4.7754e+19
0.2800   4.7295e+19
0.2900   4.6835e+19
0.3000   4.6373e+19
0.3100   4.5913e+19
0.3200   4.5454e+19
0.3300   4.4997e+19
0.3400   4.4545e+19
0.3500   4.4097e+19
0.3600   4.3655e+19
0.3700   4.3220e+19
0.3800   4.2793e+19
0.3900   4.2375e+19
0.4000   4.1967e+19
0.4100   4.1570e+19
0.4200   4.1186e+19
0.4300   4.0815e+19
0.4400   4.0458e+19
0.4500   4.0116e+19
0.4600   3.9792e+19
0.4700   3.9484e+19
0.4800   3.9195e+19
0.4900   3.8926e+19
0.5000   3.8678e+19
0.5100   3.8452e+19
0.5200   3.8248e+19
0.5300   3.8068e+19
0.5400   3.7913e+19
0.5500   3.7785e+19
0.5600   3.7681e+19
0.5700   3.7602e+19
0.5800   3.7544e+19
0.5900   3.7508e+19
0.6000   3.7490e+19
0.6100   3.7489e+19
0.6200   3.7503e+19
0.6300   3.7532e+19
0.6400   3.7573e+19
0.6500   3.7624e+19
0.6600   3.7684e+19
0.6700   3.7751e+19
0.6800   3.7824e+19
0.6900   3.7900e+19
0.7000   3.7979e+19
0.7100   3.8058e+19
0.7200   3.8136e+19
0.7300   3.8211e+19
0.7400   3.8282e+19
0.7500   3.8346e+19
0.7600   3.8403e+19
0.7700   3.8450e+19
0.7800   3.8486e+19
0.7900   3.8509e+19
0.8000   3.8518e+19
0.8100   3.8511e+19
0.8200   3.8485e+19
0.8300   3.8440e+19
0.8400   3.8374e+19
0.8500   3.8286e+19
0.8600   3.8172e+19
0.8700   3.8033e+19
0.8800   3.7865e+19
0.8900   3.7669e+19
0.9000   3.7441e+19
0.9100   3.7180e+19
0.9200   3.6884e+19
0.9300   3.6553e+19
0.9400   3.6180e+19
0.9500   3.0550e+19
0.9600   1.9865e+19
0.9700   1.2554e+19
0.9800   8.6137e+18
0.9900   6.9210e+18
1.0000   6.3520e+18
