       0  0.000000E+00  5.344650E-11  0.000000E+00
       1  2.000000E+01  5.303292E-11 -1.949622E-04
       2  4.000000E+01  1.154830E-10  1.351932E-02
       3  6.000000E+01  4.603529E-11 -3.771439E-02
       4  8.000000E+01  8.529724E-11  1.150739E-02
       5  1.000000E+02  5.845295E-11 -1.148115E-02
       6  1.200000E+02  5.072635E-11 -3.807981E-03
       7  1.400000E+02  5.381253E-11  1.433764E-03
       8  1.600000E+02  2.877448E-11 -2.175368E-02
       9  1.800000E+02  3.311584E-11  3.277402E-03
      10  2.000000E+02  3.264325E-11 -3.619373E-04
      11  2.200000E+02  1.841041E-11 -1.932716E-02
      12  2.400000E+02  2.614312E-11  7.394591E-03
      13  2.600000E+02  1.830532E-11 -1.070427E-02
      14  2.800000E+02  1.568774E-11 -4.171383E-03
      15  3.000000E+02  1.798517E-11  3.193505E-03
      16  3.200000E+02  1.209287E-11 -1.218134E-02
      17  3.400000E+02  1.434727E-11  3.928273E-03
      18  3.600000E+02  1.280189E-11 -3.017882E-03
      19  3.800000E+02  1.023206E-11 -6.278866E-03
      20  4.000000E+02  1.138844E-11  2.538491E-03
      21  4.200000E+02  1.031348E-11 -2.605704E-03
      22  4.400000E+02  8.144629E-12 -6.657308E-03
      23  4.600000E+02  1.029080E-11  5.213816E-03
      24  4.800000E+02  7.468220E-12 -9.448650E-03
      25  5.000000E+02  7.954203E-12  1.527441E-03
      26  5.200000E+02  8.383830E-12  1.281117E-03
      27  5.400000E+02  5.988992E-12 -9.996830E-03
      28  5.600000E+02  7.829484E-12  5.876799E-03
      29  5.800000E+02  6.352013E-12 -5.814974E-03
      30  6.000000E+02  5.951248E-12 -1.683532E-03
      31  6.200000E+02  6.852385E-12  3.287676E-03
      32  6.400000E+02  5.571820E-12 -5.745721E-03
      33  6.600000E+02  5.833342E-12  1.120805E-03
      34  6.800000E+02  6.027586E-12  8.056481E-04
      35  7.000000E+02  4.982498E-12 -5.243793E-03
      36  7.200000E+02  5.925857E-12  3.979841E-03
      37  7.400000E+02  5.329484E-12 -2.797519E-03
      38  7.600000E+02  4.965846E-12 -1.830696E-03
      39  7.800000E+02  5.759389E-12  3.444562E-03
      40  8.000000E+02  4.943169E-12 -4.128019E-03
      41  8.200000E+02  5.368461E-12  1.980512E-03
      42  8.400000E+02  5.599130E-12  1.029932E-03
      43  8.600000E+02  4.973598E-12 -3.144261E-03
      44  8.800000E+02  5.740341E-12  3.339275E-03
      45  9.000000E+02  5.689723E-12 -2.224119E-04
      46  9.200000E+02  5.614332E-12 -3.357065E-04
      47  9.400000E+02  6.399334E-12  3.066734E-03
      48  9.600000E+02  6.028381E-12 -1.538361E-03
      49  9.800000E+02  6.705160E-12  2.523352E-03
      50  1.000000E+03  7.234999E-12  1.830818E-03
      51  1.020000E+03  7.290362E-12  1.898504E-04
      52  1.040000E+03  8.242641E-12  2.888269E-03
      53  1.060000E+03  8.787968E-12  1.551347E-03
      54  1.080000E+03  9.301860E-12  1.381152E-03
      55  1.100000E+03  1.059911E-11  3.059804E-03
      56  1.120000E+03  1.131272E-11  1.577022E-03
      57  1.140000E+03  1.266793E-11  2.674484E-03
      58  1.160000E+03  1.413314E-11  2.591801E-03
      59  1.180000E+03  1.539895E-11  2.055023E-03
      60  1.200000E+03  1.773177E-11  3.289033E-03
      61  1.220000E+03  1.965589E-11  2.447257E-03
      62  1.240000E+03  2.200587E-11  2.669721E-03
      63  1.260000E+03  2.521666E-11  3.183209E-03
      64  1.280000E+03  2.818363E-11  2.631819E-03
      65  1.300000E+03  3.207992E-11  3.036394E-03
      66  1.320000E+03  3.676827E-11  3.187764E-03
      67  1.340000E+03  4.149134E-11  2.845818E-03
      68  1.360000E+03  4.741573E-11  3.123641E-03
      69  1.380000E+03  5.415989E-11  3.113081E-03
      70  1.400000E+03  6.184016E-11  3.104885E-03
      71  1.420000E+03  7.088396E-11  3.189651E-03
      72  1.440000E+03  8.095247E-11  3.109391E-03
      73  1.460000E+03  9.291261E-11  3.218115E-03
      74  1.480000E+03  1.063827E-10  3.165478E-03
      75  1.500000E+03  1.218622E-10  3.175609E-03
      76  1.520000E+03  1.403120E-10  3.287284E-03
      77  1.540000E+03  1.607095E-10  3.173043E-03
      78  1.560000E+03  1.843069E-10  3.200836E-03
      79  1.580000E+03  2.122220E-10  3.288430E-03
      80  1.600000E+03  2.435170E-10  3.212811E-03
      81  1.620000E+03  2.797117E-10  3.234998E-03
      82  1.640000E+03  3.218853E-10  3.275515E-03
      83  1.660000E+03  3.697402E-10  3.235715E-03
      84  1.680000E+03  4.248169E-10  3.241199E-03
      85  1.700000E+03  4.888263E-10  3.273629E-03
      86  1.720000E+03  5.623746E-10  3.269540E-03
      87  1.740000E+03  6.462237E-10  3.243813E-03
      88  1.760000E+03  7.431436E-10  3.260469E-03
      89  1.780000E+03  8.554547E-10  3.282207E-03
      90  1.800000E+03  9.835400E-10  3.255721E-03
      91  1.820000E+03  1.131038E-09  3.260242E-03
      92  1.840000E+03  1.302102E-09  3.284368E-03
      93  1.860000E+03  1.497531E-09  3.262521E-03
      94  1.880000E+03  1.722026E-09  3.259174E-03
      95  1.900000E+03  1.982292E-09  3.282387E-03
      96  1.920000E+03  2.280862E-09  3.272558E-03
      97  1.940000E+03  2.623109E-09  3.261846E-03
      98  1.960000E+03  3.018599E-09  3.275441E-03
      99  1.980000E+03  3.473924E-09  3.276737E-03
     100  2.000000E+03  3.996141E-09  3.267005E-03
