       0  0.000000E+00  5.344650E-11  0.000000E+00
       1  2.000000E+01  5.303271E-11 -1.950625E-04
       2  4.000000E+01  2.956249E-11 -1.984797E-02
       3  6.000000E+01  2.080244E-11 -1.052767E-02
       4  8.000000E+01  1.977353E-11 -1.300870E-03
       5  1.000000E+02  1.717222E-11 -3.787089E-03
       6  1.200000E+02  1.601839E-11 -1.800793E-03
       7  1.400000E+02  1.558243E-11 -6.994407E-04
       8  1.600000E+02  1.455413E-11 -1.766332E-03
       9  1.800000E+02  1.439336E-11 -2.792403E-04
      10  2.000000E+02  1.445285E-11  1.028948E-04
