       0  0.000000E+00  8.901403E-04  5.000000E+00
       1  1.000000E-01  8.923574E-04  1.242278E-02
       2  2.000000E-01  8.989866E-04  3.687043E-02
       3  3.000000E-01  9.099949E-04  6.048521E-02
       4  4.000000E-01  9.253493E-04  8.296558E-02
       5  5.000000E-01  9.450172E-04  1.040613E-01
       6  6.000000E-01  9.689662E-04  1.235801E-01
       7  7.000000E-01  9.971640E-04  1.413897E-01
       8  8.000000E-01  1.029578E-03  1.574159E-01
       9  9.000000E-01  1.066177E-03  1.716371E-01
      10  1.000000E+00  1.106930E-03  1.840774E-01
      11  1.100000E+00  1.151803E-03  1.947973E-01
      12  1.200000E+00  1.200767E-03  2.038853E-01
      13  1.300000E+00  1.253790E-03  2.114497E-01
      14  1.400000E+00  1.310840E-03  2.176110E-01
      15  1.500000E+00  1.371888E-03  2.224956E-01
      16  1.600000E+00  1.436902E-03  2.262308E-01
      17  1.700000E+00  1.505853E-03  2.289414E-01
      18  1.800000E+00  1.578709E-03  2.307461E-01
      19  1.900000E+00  1.655441E-03  2.317567E-01
      20  2.000000E+00  1.736019E-03  2.320762E-01
      21  2.100000E+00  1.820413E-03  2.317985E-01
      22  2.200000E+00  1.908593E-03  2.310086E-01
      23  2.300000E+00  2.000530E-03  2.297825E-01
      24  2.400000E+00  2.096195E-03  2.281878E-01
      25  2.500000E+00  2.195559E-03  2.262842E-01
      26  2.600000E+00  2.298593E-03  2.241241E-01
      27  2.700000E+00  2.405269E-03  2.217533E-01
      28  2.800000E+00  2.515557E-03  2.192119E-01
      29  2.900000E+00  2.629429E-03  2.165343E-01
      30  3.000000E+00  2.746858E-03  2.137506E-01
      31  3.100000E+00  2.867814E-03  2.108864E-01
      32  3.200000E+00  2.992271E-03  2.079638E-01
      33  3.300000E+00  3.120200E-03  2.050018E-01
      34  3.400000E+00  3.251575E-03  2.020165E-01
      35  3.500000E+00  3.386367E-03  1.990215E-01
      36  3.600000E+00  3.524549E-03  1.960284E-01
      37  3.700000E+00  3.666095E-03  1.930470E-01
      38  3.800000E+00  3.810977E-03  1.900853E-01
      39  3.900000E+00  3.959169E-03  1.871502E-01
      40  4.000000E+00  4.110644E-03  1.842473E-01
      41  4.100000E+00  4.265375E-03  1.813811E-01
      42  4.200000E+00  4.423338E-03  1.785554E-01
      43  4.300000E+00  4.584504E-03  1.757731E-01
      44  4.400000E+00  4.748849E-03  1.730366E-01
      45  4.500000E+00  4.916347E-03  1.703476E-01
      46  4.600000E+00  5.086971E-03  1.677074E-01
      47  4.700000E+00  5.260697E-03  1.651169E-01
      48  4.800000E+00  5.437499E-03  1.625767E-01
      49  4.900000E+00  5.617352E-03  1.600870E-01
      50  5.000000E+00  5.800231E-03  1.576480E-01
      51  5.100000E+00  5.986111E-03  1.552594E-01
      52  5.200000E+00  6.174968E-03  1.529208E-01
      53  5.300000E+00  6.366775E-03  1.506319E-01
      54  5.400000E+00  6.561511E-03  1.483920E-01
      55  5.500000E+00  6.759149E-03  1.462005E-01
      56  5.600000E+00  6.959666E-03  1.440564E-01
      57  5.700000E+00  7.163037E-03  1.419591E-01
      58  5.800000E+00  7.369240E-03  1.399077E-01
      59  5.900000E+00  7.578250E-03  1.379011E-01
      60  6.000000E+00  7.790043E-03  1.359386E-01
      61  6.100000E+00  8.004597E-03  1.340190E-01
      62  6.200000E+00  8.221887E-03  1.321415E-01
      63  6.300000E+00  8.441892E-03  1.303051E-01
      64  6.400000E+00  8.664587E-03  1.285087E-01
      65  6.500000E+00  8.889949E-03  1.267514E-01
      66  6.600000E+00  9.117957E-03  1.250323E-01
      67  6.700000E+00  9.348588E-03  1.233504E-01
      68  6.800000E+00  9.581818E-03  1.217047E-01
      69  6.900000E+00  9.817626E-03  1.200942E-01
      70  7.000000E+00  1.005599E-02  1.185182E-01
      71  7.100000E+00  1.029689E-02  1.169756E-01
      72  7.200000E+00  1.054029E-02  1.154657E-01
      73  7.300000E+00  1.078619E-02  1.139875E-01
      74  7.400000E+00  1.103456E-02  1.125401E-01
      75  7.500000E+00  1.128537E-02  1.111229E-01
      76  7.600000E+00  1.153861E-02  1.097349E-01
      77  7.700000E+00  1.179425E-02  1.083755E-01
      78  7.800000E+00  1.205228E-02  1.070438E-01
      79  7.900000E+00  1.231266E-02  1.057391E-01
      80  8.000000E+00  1.257539E-02  1.044606E-01
      81  8.100000E+00  1.284043E-02  1.032078E-01
      82  8.200000E+00  1.310778E-02  1.019799E-01
      83  8.300000E+00  1.337741E-02  1.007762E-01
      84  8.400000E+00  1.364929E-02  9.959615E-02
      85  8.500000E+00  1.392341E-02  9.843907E-02
      86  8.600000E+00  1.419975E-02  9.730438E-02
      87  8.700000E+00  1.447829E-02  9.619150E-02
      88  8.800000E+00  1.475900E-02  9.509984E-02
      89  8.900000E+00  1.504188E-02  9.402888E-02
      90  9.000000E+00  1.532689E-02  9.297806E-02
      91  9.100000E+00  1.561402E-02  9.194687E-02
      92  9.200000E+00  1.590325E-02  9.093481E-02
      93  9.300000E+00  1.619457E-02  8.994140E-02
      94  9.400000E+00  1.648794E-02  8.896615E-02
      95  9.500000E+00  1.678336E-02  8.800861E-02
      96  9.600000E+00  1.708080E-02  8.706834E-02
      97  9.700000E+00  1.738024E-02  8.614490E-02
      98  9.800000E+00  1.768167E-02  8.523788E-02
      99  9.900000E+00  1.798507E-02  8.434687E-02
     100  1.000000E+01  1.829041E-02  8.347148E-02
